pid,gender,age,av20
10001,1,53,2.5
10002,2,48,3.5
10003,2,24,2.9
10004,1,20,2.9
20001,1,55,2.6
20002,2,54,3.2
20003,1,27,2.9
30001,1,49,2.6
30002,2,46,2.9
30003,1,18,3.1
40001,1,43,3
40002,2,44,2.7
40003,1,14,3.2
40004,2,13,3.2
50001,1,48,3.6
50002,2,43,3.3
50003,2,14,3.1
50004,2,13,3.6
60001,1,51,3
60002,2,47,3.4
60003,2,19,1.9
60004,2,14,3.5
80001,1,70,3.3
90001,1,57,3.2
100001,1,41,2.7
100002,2,41,3.4
130001,1,73,2.7
130002,2,70,2.7
140001,2,58,3.3
160001,1,69,2.4
160002,2,68,2.6
180001,2,53,2.7
220001,1,68,2.3
220002,2,66,2.9
230001,1,59,3.3
230002,2,65,3.1
230003,2,30,3.3
260001,1,59,3.3
260002,2,57,3
260003,2,28,3
260004,1,26,3
270001,1,66,3.4
270002,2,54,3.2
290001,2,65,2
290002,1,58,2.1
290003,2,35,2.7
300001,2,57,2.8
300002,2,30,2.8
300003,2,33,2.7
300004,1,31,2.7
310001,1,61,2.5
310002,2,57,2.6
310003,2,28,2.5
310004,2,26,2.8
320001,1,84,1.9
320002,2,83,1.8
320003,1,49,1.8
330001,2,81,2
340001,1,56,2.6
340003,1,29,2.7
340004,1,23,2.6
350001,1,65,2
350002,1,33,2.7
350003,2,66,2.5
360001,1,48,2.6
360002,2,43,2.5
380001,1,43,1.9
380002,2,41,2.6
390001,2,52,3.1
390002,2,26,2.8
390003,1,23,3
390004,1,53,2.6
400001,1,63,2.8
400002,2,59,3.2
400004,1,33,3
410002,2,55,2.9
410003,2,16,3
420001,1,40,3.6
420002,2,40,2.5
420003,1,13,3.3
430001,1,39,2.4
430002,2,39,2.5
440001,1,58,3.1
440002,2,55,2.8
440003,2,30,3
440004,2,27,3
450002,2,43,2.8
450003,2,14,2.9
450004,2,14,2.7
460001,1,48,2.4
460002,2,44,2.4
470001,1,58,2.3
470002,2,84,2.4
470003,2,51,2.9
480001,1,80,2.9
480002,2,74,3.2
490001,2,56,1.9
490003,1,25,2
500001,2,59,2.7
510001,2,76,2.8
520001,1,59,2.6
520002,2,48,2.8
530001,1,72,2.4
530002,2,73,2.2
530003,1,51,1.8
530004,2,48,2.2
540001,1,73,2.4
540002,2,63,2.5
540003,2,32,3.2
550001,1,75,2.9
550002,1,39,2.5
550003,2,37,2.1
560001,1,46,2.5
560002,2,43,2.2
570001,1,62,2.5
570002,2,62,2.2
580001,1,76,2.1
580002,2,72,2.4
590001,1,45,3
600002,2,58,2.3
600005,1,24,3.3
610001,2,29,3.1
620001,2,37,3.6
630001,1,42,3.2
630002,2,40,3.3
640001,2,57,3.2
650002,2,80,2.1
660001,1,58,2.6
660002,2,55,3.1
660004,1,27,3.2
670001,1,54,3.3
670002,2,52,3
680002,2,83,2.7
690001,1,54,2.5
690002,2,51,3.4
700001,1,61,3.3
700002,2,54,3.2
720002,2,37,3.3
730001,1,59,3.1
730002,2,55,3.1
740001,1,56,3.2
740002,2,52,3.2
750002,2,57,3.3
750004,2,27,3.5
760002,2,55,3.4
780001,1,87,3
780002,2,88,2.7
810001,1,70,2.1
810002,2,65,3
810003,1,30,3.4
820001,1,50,3.2
820002,2,47,2.9
820003,1,18,2.5
820004,2,15,2.9
820005,2,74,2.9
830001,1,50,3.1
830002,2,48,2.9
830003,2,21,2.5
830004,2,16,2.9
870001,1,58,2.8
870002,2,53,3.1
870003,2,22,3
870004,1,17,3.2
900001,1,57,2.4
900002,2,54,2.4
900003,1,29,2.6
900004,1,26,2.9
930001,1,69,2.9
930002,2,62,3
940001,1,56,3.2
940002,2,52,3.3
940003,2,29,3.2
960002,2,45,3.3
960003,1,14,3.3
970001,1,72,3.2
970002,2,70,2.7
980001,1,60,3.4
980002,2,60,3.5
980003,2,38,3.6
980004,1,40,3.5
990002,2,67,3.3
990003,1,43,3.4
1000001,1,43,3.5
1000002,2,42,3.2
1010002,2,45,3
1020002,2,78,3.1
1020003,1,54,3.1
1030001,1,72,2.6
1030002,2,65,3.2
1040001,1,51,2.8
1040002,2,51,3.3
1040003,1,25,3.5
1060001,1,54,2.9
1060002,2,52,2.8
1070001,1,49,3.2
1070002,2,46,2.6
1080002,2,71,2.5
1090001,1,48,2.5
1090002,2,48,2.5
1100001,1,50,2.4
1110001,1,64,2.6
1110002,2,59,2.4
1120001,1,54,2.4
1120002,2,49,2.5
1120003,2,22,3.4
1150001,1,50,2.5
1150002,2,47,2.4
1160001,1,51,2.4
1160002,2,52,2.5
1170001,1,51,2.2
1170002,2,46,2.3
1170003,1,19,3
1180001,1,49,2.5
1180002,2,50,2.6
1190002,2,42,3
1190003,1,17,2.9
1200001,1,59,2.9
1200002,2,56,2.1
1210001,1,60,2.9
1210002,2,57,3.1
1210004,1,29,2.9
1220001,2,82,3
1230002,1,64,2.9
1230003,2,61,2.8
1240001,1,78,2.9
1240002,2,74,2.7
1260001,1,58,3
1260002,2,57,2.8
1270001,1,58,2.7
1270002,2,54,3
1280001,2,51,2.9
1290001,1,56,3.1
1290002,2,56,2.6
1290003,1,30,2.9
1300001,1,62,2.4
1300002,2,57,3.2
1300004,1,30,3
1310001,2,43,2.4
1310002,1,44,3
1320001,1,65,2.8
1320002,2,63,2.9
1320101,1,35,3
1320102,2,30,3.2
1330001,2,58,3
1340001,1,39,3.3
1340002,2,39,3.4
1350001,2,70,2.5
1360001,1,74,2.6
1360002,2,66,2.6
1380001,1,71,2.3
1380002,2,70,2.5
1500002,2,45,2.6
1500003,1,16,2.5
1500004,2,79,2.3
1510001,1,66,2.8
1510002,2,63,2.7
1510003,1,40,2.8
1520002,2,70,2.6
1520004,2,42,2.8
1520005,1,15,2.8
1530001,1,63,2.7
1530002,2,63,2.6
1530003,1,32,2.8
1540001,1,62,2.5
1540002,2,61,2.7
1540003,1,34,2.9
1550001,2,38,2.9
1560001,2,64,3.2
1560002,1,39,3
1570001,2,51,2.8
1580001,2,62,3.1
1590001,1,61,3.2
1590002,2,58,3.3
1590003,2,30,3.5
1600001,2,37,3.2
1610001,1,64,3.3
1610002,2,60,3.2
1610003,1,35,3.1
1620001,2,40,3.1
1630001,1,54,3.3
1630002,2,54,3
1630004,1,26,3.4
1640001,1,55,3.5
1640002,2,52,3.5
1650001,1,46,3.2
1650002,2,45,3.3
1660001,1,54,2.5
1660002,2,45,3.4
1660003,1,19,3.4
1670001,1,45,3.4
1670002,2,40,3.6
1680002,2,51,3.2
1680003,1,25,2.9
1680004,1,22,3.4
1690001,1,47,3.5
1690002,2,45,3.5
1700001,1,45,3.3
1700002,2,40,3.5
1710001,1,54,3.4
1710002,2,52,3.3
1720001,1,51,2.9
1720002,2,47,3.3
1730001,1,45,3.6
1730002,2,44,3.6
1740001,1,57,3.7
1740002,2,55,3.2
1740003,2,28,3.3
1740004,1,25,2.8
1740005,2,84,2.4
1760001,1,54,3.5
1760002,2,48,3.5
1760003,2,23,3.3
1760004,2,19,2.5
1800001,1,53,3.5
1800002,2,50,2.9
1800003,2,23,3.1
1840001,1,52,3.1
1840002,2,51,3.3
1850002,2,46,2.6
1850003,2,24,3.5
1850004,2,23,2.3
1850005,1,21,3
1870001,1,46,3
1870002,2,45,3
1870003,2,18,3
1870004,2,15,3
1880001,1,57,3.2
1880002,2,53,3
1880003,2,25,3.2
1890001,1,81,2.7
1890002,2,78,2.4
1960001,1,82,2.4
1960002,2,75,2.9
1980001,1,51,2.5
1990001,1,55,2.4
1990002,2,53,2.9
1990003,1,25,2.9
1990004,1,20,2.8
2000002,2,62,2.9
2000005,1,22,2.9
2010001,2,68,2.7
2010002,1,40,2.6
2030001,1,39,2.6
2030002,2,40,2.5
2030003,2,15,2.7
2040001,2,58,3.1
2050001,1,50,3.5
2060001,2,87,2.1
2070001,1,56,2.6
2070002,2,54,2.7
2070003,1,20,3.2
2080001,1,60,2.5
2080002,2,57,2.8
2080003,2,30,3
2080004,2,26,2.5
2100001,1,82,2.7
2100002,2,65,2.6
2110001,1,72,2.5
2110002,2,67,2.5
2110003,1,41,2.7
2120001,1,82,3.2
2120002,2,78,3.2
2130001,1,77,2.6
2130002,2,75,2.5
2140002,2,71,2.2
2150001,1,72,2.6
2150002,2,64,3.1
2170001,1,52,2.6
2170002,2,48,2.5
2170003,2,24,2.9
2170004,2,20,3
2180001,1,60,2.7
2180002,2,53,2.9
2180003,2,28,2.8
2180004,2,26,3.1
2180005,2,19,2.6
2190001,1,45,2.9
2190002,2,41,2.7
2200002,2,64,2.9
2210001,1,81,2.5
2210002,2,76,2.4
2220001,1,64,2.7
2220002,2,60,2.6
2220003,2,27,2.9
2230001,2,84,2.2
2230002,1,48,2.7
2340001,1,42,3.7
2340002,2,42,3.7
2350001,1,43,3
2350002,2,46,3.1
2350005,1,70,3
2360001,1,45,3.2
2360002,2,44,2.9
2360003,2,17,3.2
2360004,2,15,3.1
2400001,1,67,2.3
2400002,2,66,2.4
2410001,1,62,2.7
2410002,2,55,2.9
2410003,1,31,3.5
2420001,1,61,3.4
2420002,2,54,3
2420003,1,27,2.5
2420004,1,23,2.6
2430001,1,44,2.6
2430002,2,44,3.4
2430003,1,17,2.5
2430004,2,14,2.9
2450001,1,45,3.2
2450002,2,45,2.4
2450003,2,18,2.5
2450004,2,16,2.5
2450005,1,15,2.7
2460001,1,68,2.9
2460002,2,64,2.9
2620001,1,45,3.3
2620002,2,44,2.5
2620003,1,16,3
2620004,2,13,2.6
2640001,1,56,2.6
2640002,2,51,3.5
2640003,2,29,3.2
2640004,2,27,3.2
2640005,1,24,3
2650001,1,52,2.7
2650002,2,48,3.1
2650003,2,25,3.6
2650004,1,23,3.5
2690001,1,60,2.3
2690002,2,57,2.3
2690003,1,32,2.4
2690004,2,30,2.4
2700001,1,67,3
2700002,2,60,3.2
2700003,1,27,2.4
2710001,1,50,2.7
2710002,2,47,3.5
2710003,1,16,3
2720001,1,46,3.1
2720002,2,44,2.8
2730001,1,43,3.5
2730002,2,41,2.8
2750002,2,51,2.3
2750004,1,29,2.7
2760001,1,55,2.4
2760002,2,57,2.5
2760003,1,26,2.7
2760004,2,24,2.4
2770001,1,43,2.4
2770002,2,43,2.6
2780001,1,62,2.8
2780002,2,62,2.8
2800001,1,45,2.3
2800002,2,44,2.3
2810001,1,36,2.8
2810002,2,33,3.4
2830001,1,56,2.3
2830002,2,55,2.5
2830003,2,30,2.2
2830004,1,29,2.3
2840001,1,61,2.6
2840002,2,58,2.4
2840003,1,32,2.4
2840004,2,28,2.4
2850001,2,88,2.9
2850002,1,48,2.7
2870002,2,85,2.7
2890001,1,58,2.7
2890002,2,53,2.7
2890005,1,17,3.1
2890006,1,13,3
2930001,1,78,2.6
2930002,2,76,2.7
2930003,2,37,2.8
2960001,1,51,3.2
2960002,2,48,3.3
2960004,1,21,1.8
2960005,1,16,3.4
3000001,1,45,2.9
3000002,2,45,3.4
3000003,1,16,2.8
3000004,1,15,2.4
3020001,1,39,3
3020002,2,39,3
3060004,1,24,2.6
3070001,1,54,2.3
3070002,2,51,2.4
3080001,1,50,2.9
3080002,2,45,2.7
3080003,2,20,2.8
3080004,1,14,2.8
3100002,2,54,2.8
3100003,1,27,2.6
3110001,1,56,2.6
3110002,2,55,3
3110003,2,25,2.3
3130001,1,48,2.4
3130002,2,48,2.5
3160001,1,90,2.2
3160002,2,85,2.5
3170002,2,52,2.8
3180001,1,67,3.1
3180003,2,37,3.4
3190002,2,37,2.9
3200001,2,74,2.1
3200002,2,48,3.6
3210001,2,57,3.2
3220001,1,60,3.1
3220002,2,58,3.2
3240001,2,46,2.5
3250001,1,50,3.2
3250002,2,49,2.2
3260001,1,48,3.1
3260002,2,42,2.2
3260003,1,15,1.7
3270001,1,56,3.2
3270003,1,26,1.9
3270004,2,56,2.8
3280002,2,49,2.1
3290002,2,63,3.2
3300001,2,54,2.8
3300002,1,53,2.7
3300003,1,20,2.5
3300004,2,19,1.6
3310002,2,52,3.6
3330001,1,50,2.8
3330002,2,48,2.6
3330003,2,22,2.7
3330004,1,21,2.7
3350002,2,49,2.9
3360002,2,63,2.6
3360003,1,36,3.2
3370002,2,59,2.8
3370004,1,32,3.3
3390001,2,68,3.2
3390101,1,45,3.5
3390102,2,43,3.3
3390103,2,18,3.3
3390104,1,17,2.9
3410002,2,75,3.2
3410003,1,49,3.1
3410004,1,23,3.2
3420001,1,53,2.1
3420002,2,53,2.1
3420003,1,26,2.4
3420004,2,25,3.2
3430001,1,72,2.7
3430002,2,68,3
3440001,1,47,3
3440002,2,46,3.9
3440003,1,18,3.4
3440004,2,16,3.7
3460001,1,57,2.4
3460002,2,51,2.9
3460003,1,19,3.5
3460004,1,16,2.4
3480001,1,54,2.8
3480002,2,49,3.6
3480003,2,20,3.3
3480004,1,16,3.5
3490001,1,80,2.9
3490002,2,71,3.3
3500001,2,58,3
3500002,1,34,3
3500003,1,30,3.3
3520001,1,70,3.2
3520002,2,64,3.1
3530001,1,54,3.3
3530002,2,53,3.3
3540003,2,23,2.9
3540004,1,21,3.1
3560001,1,96,3.2
3560002,2,83,3.3
3580001,1,55,3.2
3580002,2,45,3
3580003,2,21,3.2
3590001,1,76,3.2
3590002,2,76,3.3
3600001,1,42,3
3600002,2,43,3.2
3610001,1,48,3.2
3610002,2,49,3.6
3620001,1,49,3.1
3620002,2,49,3.2
3640001,1,47,2.9
3640002,2,46,3.3
3660001,1,59,3.1
3660002,2,55,2.5
3660003,2,34,3
3660004,1,31,3.1
3670001,2,84,3.1
3690001,1,48,2.9
3690002,2,35,3.1
3710001,1,54,2.8
3710002,2,50,2.9
3710003,2,25,3.1
3710004,1,21,2.9
3720001,1,67,3.2
3720002,2,66,3.3
3730001,1,54,3.2
3730002,2,52,2.4
3730003,1,25,3
3730004,1,25,2.9
3740001,1,52,2.9
3740002,2,52,3.1
3740003,1,25,3.1
3740004,1,22,2.9
3760002,2,54,3.4
3760003,2,27,3.1
3760004,2,22,3.2
3770002,2,52,2.9
3770004,2,26,2.9
3780001,2,36,2.6
3780002,2,55,3.1
3780003,2,33,2.9
3920001,1,69,3.2
3920002,2,64,3.4
3930001,2,69,3.2
3930002,1,73,3.4
3930003,1,49,3.5
3960001,1,56,2.4
3960002,2,50,2.5
3970001,1,71,2.4
3970002,2,66,2.7
3990001,1,56,3.9
3990002,2,54,3
3990003,1,26,3.5
3990004,1,22,3.5
4000001,1,63,3
4000002,2,60,2.5
4060001,1,46,2.3
4060002,2,47,2.7
4060003,1,14,2.4
4080001,1,49,2.9
4080002,2,39,3.1
4080003,2,14,2.4
4100001,2,56,2.6
4100002,2,20,2.8
4110001,1,50,3.6
4110002,2,50,3.5
4110003,2,23,3.5
4110004,2,20,3.5
4140001,1,43,2.6
4140002,2,43,2.6
4140003,2,15,3.3
4140004,2,14,3.3
4140005,2,14,3.3
4150001,1,47,3.8
4150002,2,43,3.3
4150003,2,16,2.6
4150004,1,14,2.8
4180001,2,55,2.8
4180002,1,64,2.3
4180003,1,35,2.8
4220001,1,56,2.8
4220002,2,55,2.8
4230001,1,58,2.4
4230002,2,57,3
4230003,1,27,2.5
4240001,1,55,3
4240002,2,52,2.8
4240003,1,21,3.5
4250001,1,46,3.2
4250002,2,45,2.9
4250003,2,17,2.7
4250004,2,15,2.7
4270001,1,59,2.9
4270002,2,56,2.7
4270003,1,28,2.4
4270004,2,26,2.8
4280001,1,48,3.2
4280002,2,46,3.1
4280003,1,20,3.6
4290001,1,72,2.8
4310002,2,41,3
4330002,2,65,2.8
4330003,1,20,2.8
4340001,1,45,2.7
4340002,2,43,2.9
4350001,1,47,3
4350002,2,39,2.5
4360001,1,42,3
4360002,2,40,2.6
4380001,2,88,2.3
4390001,1,42,2.9
4390002,2,38,2.5
4400001,1,48,2.7
4400002,2,45,2.7
4410001,1,47,2.6
4410002,2,49,2.6
4430001,1,45,2.7
4430002,2,44,2.6
4440001,1,66,2.4
4440002,2,59,2.2
4460001,1,56,1.9
4460002,2,55,2.5
4470001,1,46,2.2
4470002,2,49,1.9
4480001,1,52,3
4480002,2,50,3
4490001,1,47,2.6
4490002,2,47,2.1
4500001,1,46,2.7
4500002,2,44,2.9
4510001,1,58,2.2
4510002,2,52,2.4
4520001,1,60,2.3
4520002,2,54,2.6
4530002,2,72,2.5
4540001,1,60,2.7
4540002,2,56,2.4
4560001,1,44,2.4
4570002,2,56,2.6
4590001,1,77,3
4590002,2,72,3.1
4610001,1,49,3.3
4610002,2,48,2.9
4630001,2,65,3
4630002,1,37,3.3
4670001,1,43,3.3
4670002,2,41,2.8
4670003,2,13,3.7
4690001,2,46,3.3
4690002,1,51,3.5
4690003,1,13,3.2
4720001,1,61,3.6
4720002,2,60,2.3
4720003,2,34,3.2
4720004,2,31,3.6
4730004,2,24,3.2
4730005,2,87,2.6
4750001,1,60,3.3
4750002,2,58,3.3
4760001,1,74,2.7
4760002,2,68,3.2
4760003,1,44,3
4820001,1,70,2.7
4820002,1,40,3.5
4870001,1,33,3.2
4880001,1,68,3.3
4880002,2,64,3.3
4880004,2,37,3.5
4920001,1,45,2.7
4920002,2,45,2.7
4930001,1,81,2.8
4930002,2,73,3.1
4950001,1,43,3.4
4950002,2,42,2.9
4980001,1,38,3.3
4980002,2,35,2.7
4980003,1,13,2.5
4990001,1,45,3.3
4990002,2,44,2.9
4990003,1,13,2.6
5010001,1,82,2.8
5010002,2,79,3.1
5010003,2,55,3.3
5010005,2,18,3.4
5030001,1,65,1.9
5030002,2,62,3.6
5030003,2,29,3.2
5030004,2,28,3.1
5070002,2,53,2.7
5090001,1,50,3.2
5090002,2,49,3.5
5090003,1,20,3.3
5100001,1,46,2.3
5100002,2,44,2.5
5100004,1,15,2.7
5110001,1,52,2.9
5110002,2,45,3.5
5110003,1,19,3.4
5110004,2,16,2.7
5110005,1,13,2.2
5130001,1,38,3.2
5130002,2,38,3.8
5150001,1,61,2.5
5160001,1,43,2.9
5160002,2,44,2.6
5180001,1,48,3.2
5180002,2,46,3
5180003,2,14,3
5190001,2,57,2.9
5190002,1,28,3.1
5200001,2,49,2.9
5220001,1,53,2.5
5220002,2,52,2.4
5220003,2,83,2.4
5220004,1,31,2.8
5220006,2,28,2.8
5220007,1,25,3.2
5220008,2,19,3.5
5220101,2,29,3.1
5220102,1,30,3.4
5260001,1,57,2.6
5260002,2,55,2.6
5260003,1,27,3.1
5260004,2,23,3.1
5280001,1,55,3
5280002,2,51,2.9
5280003,1,29,3
5280004,2,27,2.8
5330001,1,55,3.3
5330002,2,53,3.2
5330003,1,26,3
5330004,1,24,2.8
5330005,2,22,3
5340001,1,59,3.2
5340002,2,55,3.2
5340003,1,31,3.1
5340004,1,34,2.4
5350001,1,60,2.9
5350002,2,57,2.7
5350003,1,31,2.7
5350004,1,26,2.7
5360001,1,63,1.8
5360002,2,60,2.4
5360003,2,30,2.7
5360004,2,27,2.9
5360005,2,85,2.5
5380001,1,41,3.4
5380002,2,40,3
5380003,2,16,2.8
5380004,1,15,3.3
5390001,2,48,2.7
5390002,1,47,2.9
5390003,2,16,2.3
5390004,2,13,2.2
5400001,1,49,3.2
5400002,2,47,3.2
5400003,2,19,3
5400004,1,15,3.2
5410001,1,50,3.1
5410002,2,47,3.1
5410003,2,15,3.2
5410006,2,85,2.5
5430001,1,46,3.1
5430002,2,45,2.7
5430003,2,15,3.4
5440001,1,45,2.8
5440002,2,39,2.9
5440003,1,13,2.8
5450001,1,47,2.9
5450002,2,45,2.5
5450003,1,14,2.9
5460002,2,78,3.1
5470002,2,81,2
5470003,1,57,2.1
5510001,1,74,2.9
5510002,2,71,3
5520002,2,85,2.7
5530001,1,50,3.1
5530002,2,45,3.2
5530003,1,18,3.2
5530004,2,16,3.1
5540001,1,57,3
5540002,2,59,3.2
5540003,1,25,3.1
5540004,1,23,3.2
5550001,2,65,2.4
5550002,2,74,2.5
5570001,1,56,3
5570002,2,48,2.9
5580001,1,48,2.8
5580002,2,46,3.2
5590001,1,43,3
5590002,2,45,3
5600001,1,64,2.8
5600002,2,57,2.9
5670001,1,49,3
5670002,2,49,2.7
5670003,1,21,3.1
5670004,1,18,3
5680001,2,49,2.8
5690001,1,67,2.8
5690002,2,65,3.2
5720001,1,77,2.3
5720002,2,68,2.7
5730001,1,65,3
5730002,2,61,2.8
5740001,1,44,2.8
5740002,2,45,2.8
5780001,2,66,2.5
5780002,2,31,3.1
5780003,1,30,2.8
5800001,1,57,3.2
5800002,2,57,3.3
5800003,1,27,3.2
5800004,1,25,3.2
5830001,1,57,3.2
5830002,2,55,3.2
5830003,1,25,3.2
5830004,1,23,3.2
5840001,1,60,3.1
5840002,2,57,2.9
5860001,1,55,2.8
5860002,2,53,2.8
5860003,1,25,3.1
5860004,1,24,2.8
5870001,2,64,2.4
5880001,1,61,3.1
5880002,2,54,3.2
5890001,1,54,2.9
5890002,2,53,3.1
5930001,1,57,3.1
5930002,2,53,2.9
5930003,1,27,3.4
5930004,1,24,3.3
5960001,1,56,2.8
5960002,2,56,2.6
5960004,2,28,2.7
5970001,2,61,3
5990001,1,75,2.4
6030001,1,49,2.2
6030002,2,48,2.2
6030004,1,16,2.3
6040001,1,55,2.6
6040004,2,25,2.8
6050001,2,62,2.2
6060001,1,52,1.9
6060002,1,29,2.3
6060003,2,26,3.1
6070001,1,43,2.8
6070002,2,40,2.9
6120001,1,42,3.1
6120002,2,38,2.9
6150001,1,46,3.1
6150002,2,36,3.3
6150003,1,13,2.9
6160001,1,43,3.5
6160002,2,43,2.8
6160003,1,17,2.7
6200001,1,57,2.1
6200002,2,56,2.3
6200003,2,28,2.6
6200004,2,27,3.2
6220002,2,48,2.8
6220003,2,18,3
6220004,2,16,2.7
6230001,1,57,3.1
6230002,2,51,2.7
6230003,1,31,2.4
6230005,2,96,2.8
6230101,1,30,3
6230102,2,27,2.7
6260001,1,47,2.9
6260002,2,42,3.2
6260004,2,79,2.7
6260005,2,13,3.2
6270001,1,41,3.1
6270002,2,40,2.8
6280001,1,43,2.9
6280002,2,43,3
6290001,1,52,2.8
6290002,2,44,2.4
6300001,2,82,2.6
6310001,2,52,2.4
6310002,1,29,2.6
6310003,1,25,2.1
6330001,1,41,3
6330002,2,40,3
6340001,1,41,3
6340002,2,40,3.1
6360001,1,56,2.9
6360002,2,51,2.8
6370001,1,47,2.9
6370002,2,46,2.6
6370003,2,16,2.4
6370004,1,14,2.4
6380001,1,84,2.4
6390001,1,76,2
6390002,2,77,3
6400001,1,78,2.7
6400002,2,73,2.7
6420002,2,74,2.6
6430001,2,63,2.7
6430002,1,46,3
6440001,2,65,2.3
6470001,1,65,2.5
6470002,2,59,3.2
6470003,2,34,2.9
6470004,2,32,2.5
6480002,2,50,3.6
6480003,2,24,2.9
6480004,2,21,2.4
6480005,1,19,2.3
6500001,1,84,2.3
6500002,2,79,2.8
6520001,1,46,3.1
6520002,2,42,3
6530001,1,39,3.1
6530002,2,40,2.7
6540001,1,43,2.8
6540002,2,44,2.7
6550001,1,44,3
6550002,2,42,3.8
6580002,2,43,2.4
6580003,1,13,2.8
6650001,1,55,2.7
6650002,2,53,3
6650003,1,18,1.9
6650004,2,14,3
6650101,2,90,2.4
6660001,1,62,3
6660002,2,55,2.6
6660003,2,31,2.9
6660004,1,29,2.3
6670001,1,48,1.5
6670002,2,45,2.9
6670003,2,16,3.1
6670004,1,14,3.3
6690001,2,46,2.3
6690002,1,49,2.4
6690003,2,16,2.5
6690004,2,14,2.6
6700001,1,55,3.1
6700002,2,47,2.7
6700003,2,16,2
6700004,2,13,3.9
6720001,1,47,3.6
6720002,2,46,3.5
6720003,2,18,2.9
6720004,1,15,3.5
6720101,1,72,3.2
6720102,2,67,3.1
6730001,1,46,3.3
6730002,2,48,2.7
6730003,2,14,2.8
6740002,2,48,3
6760001,1,47,2.8
6760002,2,43,3.3
6760003,1,16,3.6
6760004,1,13,3.1
6770001,1,58,2.8
6770002,2,57,2.4
6780001,1,91,3
6780002,1,30,3.1
6790001,2,60,2.7
6810001,1,51,2.7
6810002,2,46,3.2
6810003,1,18,2.9
6810004,2,16,3.2
6830001,1,63,2.9
6830002,2,62,3
6830003,1,37,2.4
6830004,2,33,2.4
6860001,1,43,2.8
6860002,2,40,2.3
6900001,1,72,2.7
6900002,2,65,2.9
6910001,1,66,2.9
6910002,2,64,2.8
6920001,1,51,2.7
6930001,1,49,2.9
6930002,2,44,2.7
6940001,1,43,3
6940002,2,43,3
6950001,1,42,3.1
6950002,2,38,3
6960001,1,67,2.6
6960002,2,60,2.7
6960003,1,29,3.6
6970001,1,42,2.4
6970002,2,40,3.7
6980001,1,42,2.4
6980002,2,47,2.3
6990001,1,52,2.7
6990002,2,50,3.6
7000001,1,53,2.6
7000002,2,49,3.3
7000003,1,23,3.5
7000004,1,13,2.8
7030002,2,48,3.6
7030003,2,24,2
7030004,2,22,3.7
7030005,2,82,3.4
7040001,1,51,2.5
7040002,2,48,2.5
7040003,2,23,2.4
7040004,1,18,2.4
7050001,1,54,2.6
7050002,2,52,2.4
7060001,1,51,2.3
7060002,2,49,2.9
7080001,2,82,2.8
7090001,1,47,2.8
7090002,2,46,2.9
7100001,2,74,2.7
7110001,1,93,2.3
7120001,1,74,3
7120002,2,72,2.8
7130001,1,54,2.8
7130002,2,47,2.9
7130003,1,16,3
7130004,1,14,2.7
7140001,1,57,3.3
7140002,1,26,2.4
7140004,1,32,2.3
7200001,1,49,2.8
7200002,2,45,3.2
7200003,2,16,2.4
7200004,1,13,3.1
7360001,1,44,2.4
7360002,2,44,2.9
7370001,1,47,2.7
7370002,2,45,3.2
7370003,1,18,2.7
7370004,1,15,3
7370005,1,15,3.2
7390001,1,59,2.2
7430002,2,70,2.4
7450001,1,46,2.7
7450002,2,45,2.2
7470001,1,66,2.3
7470003,2,62,2.5
7480001,2,58,2.6
7480002,1,32,2.6
7480003,2,28,2.3
7480005,1,59,2.1
7490001,1,51,2.8
7490002,2,48,2.7
7490003,2,18,2.5
7490004,1,15,2.3
7510001,1,53,2.6
7510002,2,46,2.5
7510003,1,22,2.5
7530001,1,56,2.8
7530002,2,54,2.1
7530003,2,25,1.8
7530004,2,20,3.3
7530005,2,17,3.1
7540001,1,53,2.3
7540002,2,53,2.6
7540003,1,26,2.4
7540004,2,23,2.5
7540005,2,20,2.3
7550001,1,53,2.5
7550002,2,52,2.8
7550003,2,25,2.4
7550004,2,18,2.3
7570001,1,38,2.3
7570002,2,38,2.1
7600001,2,74,3
7600002,1,50,3
7660001,1,53,2.4
7660002,2,48,2.4
7660003,2,22,2.4
7660004,1,20,2.4
7670002,2,49,3.2
7680002,2,52,3.1
7690002,2,67,2.9
7690003,2,93,2.7
7700002,2,57,2.9
7710001,1,87,2.9
7710002,2,84,2.9
7720001,2,78,2.9
7750001,1,44,2.6
7750002,2,41,2.4
7760002,2,60,2.5
7760003,1,37,2.7
7770003,2,27,2.7
7770004,1,25,3.1
7780001,1,64,2.5
7780002,2,55,2.6
7780003,2,35,2.9
7780004,2,33,3.1
7780005,1,31,3.2
7790003,1,23,2.7
7790004,2,19,3.1
7800001,1,44,2.8
7800002,2,42,3.1
7800003,2,14,2.7
7810001,1,45,3
7810002,2,40,2.4
7810003,2,13,2.9
7820001,1,58,2.3
7820002,2,53,2.4
7820003,1,28,3
7830001,1,51,2.5
7840001,1,66,3.2
7840002,2,65,2.6
7850002,2,47,2
7860001,1,68,2
7880001,1,44,2.9
7880002,2,48,1.8
7890001,1,50,2
7890002,2,46,2.6
7900001,1,46,2.5
7900002,2,45,2.1
7910001,1,48,2.5
7910002,2,48,2.4
7940001,1,58,2.4
7970001,1,47,2.4
7970003,2,19,2.5
7970004,2,18,1.8
8030001,1,50,2.9
8030002,2,48,2.9
8050001,1,66,2.9
8050002,2,71,2.9
8060001,1,56,3.1
8060002,2,50,3.1
8060003,2,26,3.2
8060004,2,22,3.3
8060005,1,17,3.3
8070001,1,71,2.9
8070002,2,66,2.9
8080001,1,70,2.9
8080002,2,62,2.9
8090003,2,39,3.1
8100001,1,41,2.9
8100002,2,41,2.9
8120001,1,47,3.3
8120002,2,44,3.3
8130001,1,59,2.4
8130002,2,52,2.8
8140001,1,63,3.3
8140002,2,60,2.6
8150002,2,76,2.6
8170001,2,96,2.6
8180001,1,60,2.8
8180002,2,54,2.7
8190001,1,58,2.6
8190002,2,52,2.6
8200002,2,40,2.8
8210001,1,65,2.9
8220001,1,68,3
8220002,2,61,2.6
8220003,1,23,3.1
8230002,2,62,2.9
8230003,1,33,2.8
8230004,2,31,2.5
8240001,1,62,3.1
8240002,2,60,3.2
8240004,2,31,3.2
8250002,2,47,2.7
8250003,2,16,2.7
8270001,1,50,3.1
8270002,2,50,3.1
8280001,1,56,3.3
8280002,2,52,3.1
8320002,2,59,2.3
8320003,1,39,2.2
8320004,2,36,2.8
8380001,1,60,2.8
8380002,2,56,2.6
8390002,2,49,2.6
8390003,1,21,2.8
8390004,2,20,2.8
8400002,2,46,2.5
8400003,1,20,2.7
8410001,1,62,3.2
8410002,2,58,3.1
8410003,2,31,3.2
8420001,1,47,3.3
8420002,2,46,3.3
8450002,2,71,3
8450003,2,43,3.5
8460002,2,51,3.2
8460003,1,25,2.5
8460004,2,23,3.2
8470002,2,48,3.3
8480001,1,63,2.8
8480002,2,60,3.1
8480003,2,31,2.9
8490001,1,71,2.4
8490002,1,37,2.6
8500003,1,37,2.5
8500004,2,33,2.8
8510001,1,52,2.9
8510002,2,51,2.9
8520001,2,70,3.1
8520004,2,26,2.7
8520005,1,22,2.3
8530001,1,68,2.7
8530002,2,65,2.4
8530003,2,36,2.7
8540001,1,65,3.2
8540002,2,62,3.1
8550002,2,57,3.3
8550003,1,30,3.6
8560001,2,52,2.6
8560002,2,22,3.5
8570001,1,71,3.1
8570002,2,62,3
8570003,2,46,3
8570004,1,34,2.9
8580001,1,76,2.8
8580002,2,74,2.8
8580003,1,48,3.5
8580004,2,44,3.3
8590001,1,62,2.7
8590002,2,59,2.9
8590004,2,26,3.5
8600002,2,62,2.7
8600003,2,35,3.1
8630002,2,41,3.1
8650001,1,63,2.3
8650002,2,60,2.4
8670001,1,45,2.5
8670002,2,43,2.5
8740001,2,57,2.5
8740002,1,27,2.6
8750002,2,51,3.2
8750003,2,22,3
8760001,1,51,2.9
8760002,2,48,2.4
8760003,2,15,2.8
8770001,2,72,2.9
8770002,1,46,3.2
8790001,1,82,3
8790002,2,74,2.3
8820001,1,48,3.6
8820002,2,46,3.7
8820003,2,16,3.1
8820004,2,13,3.2
8830001,2,52,2.3
8830002,2,85,3
8840001,1,46,3.1
8840002,2,37,2.4
8840004,2,14,2.2
8870002,2,73,2.4
8880001,1,47,2.7
8880002,2,49,2.2
8880003,1,18,2.5
8890002,2,48,2.8
8900002,2,47,3.5
8910002,2,45,2.8
8930001,1,60,2.4
8930002,2,59,2.5
8930003,1,28,2.2
8940002,2,46,3
8950002,2,59,2.5
8960002,2,51,3.5
8970001,1,53,2.4
8980002,2,49,3
9020001,2,80,2.9
9030001,2,80,2.5
9040001,2,60,3.3
9040002,1,29,3.3
9040003,1,25,3.3
9040004,2,90,3.3
9130001,1,61,2.2
9130002,2,55,2.6
9130003,2,31,2.6
9130004,2,26,2
9130005,1,24,2.3
9140001,1,61,2.8
9140002,2,54,2.9
9140003,1,27,2.7
9150001,1,62,2.4
9150002,2,55,2
9150005,1,25,3.4
9170001,1,75,2.3
9170002,2,74,2.4
9180001,2,73,2.6
9190001,2,75,2.8
9200001,2,67,2.6
9200102,2,43,2.9
9230001,1,45,2.5
9230002,2,43,2.8
9230003,1,15,2.7
9230004,1,13,2.8
9240001,2,79,2.5
9250003,1,27,2.9
9270001,1,44,2.9
9270002,2,44,3
9280001,1,46,3
9280002,2,44,2.5
9280003,2,13,3.1
9290001,1,50,3
9290002,2,43,3.2
9290003,2,18,3.5
9290004,2,16,2.7
9320001,1,43,3.2
9320002,2,44,3.1
9340001,1,44,2.9
9340002,2,41,3.2
9350001,1,59,3
9350002,2,59,3
9350003,2,34,2.9
9350004,1,31,2.8
9370001,1,48,2.9
9370002,2,47,3
9370003,1,20,2.6
9380001,1,53,2.5
9380002,2,50,2.6
9380003,2,25,2.8
9380004,2,23,2.9
9390001,1,83,2.6
9390002,2,81,2.7
9420003,1,49,3
9420004,2,46,2.9
9420005,2,15,2.8
9430001,2,80,2.4
9470001,1,50,3.2
9470002,2,41,3.1
9480001,1,81,3.2
9480002,2,73,3.4
9490001,2,66,3.2
9490002,2,26,3
9500001,2,85,2.4
9500002,1,59,2.4
9510001,1,48,2.6
9510002,2,47,2.5
9510003,1,23,2.5
9510004,1,19,2.3
9530001,1,61,3.6
9530002,2,59,2.5
9530003,2,32,2.8
9540001,1,53,2.8
9540002,2,49,2.6
9540003,2,23,2.1
9540004,1,19,2.4
9540005,2,14,2.3
9550001,1,53,3.5
9550002,2,49,2.4
9550003,2,23,2.2
9550004,2,18,2.4
9560001,1,59,2.4
9560002,2,58,2.5
9560003,2,30,2.6
9560004,1,27,2.4
9570001,1,58,2.7
9570002,2,55,2.9
9570003,1,27,2.2
9570004,1,25,3.7
9580001,1,46,3.3
9580002,2,46,3.2
9580003,2,20,3.5
9580004,1,19,3.3
9600001,2,49,2.6
9600003,1,25,2.8
9600004,2,20,3.1
9610001,2,48,3
9610002,2,22,3.2
9610003,1,18,2.9
9620001,1,53,3.1
9620002,1,25,2.8
9620003,2,77,2.7
9630001,1,86,2.8
9630002,2,83,2.5
9640001,1,66,2.3
9640002,2,67,2.4
9640003,1,31,3.3
9650001,1,73,2.7
9650002,2,70,2.4
9650003,2,40,3
9650004,2,38,2.4
9660001,1,55,2.9
9660002,2,54,3.1
9660003,2,29,3.5
9660004,1,28,2.9
9680001,1,62,2.3
9680002,2,62,3
9700001,1,55,2.7
9700002,2,53,2.6
9710001,1,66,2.2
9720001,1,66,2.3
9720002,2,65,2.4
9730001,2,83,1.9
9730002,1,52,2.8
9730003,1,19,2.7
9730004,1,50,2.9
9750001,1,44,3.2
9750002,2,44,2.8
9780001,1,58,3.1
9780002,2,53,2.8
9780003,1,27,2.9
9780004,1,25,2.8
9790001,2,71,2.8
9790002,1,83,2.8
9810001,1,80,2.7
9810002,2,79,2.6
9830001,1,54,3
9830002,2,49,2.6
9830004,1,21,2.6
9840001,1,39,2.9
9840002,2,65,2.6
9840003,2,39,3.3
9870001,1,49,2.7
9870002,2,41,2.9
9870003,2,16,2.8
9890001,1,48,3.2
9890002,2,45,3.2
9890003,2,15,2.4
9920001,1,44,2.8
9920002,2,44,2.9
9920003,2,14,3
9930001,1,61,2.3
9930002,2,59,2.8
9930005,2,84,2.9
9930101,1,31,2.4
9930102,2,26,2.5
9930201,1,28,3.1
9940001,1,52,2.1
9940002,2,48,2.2
9940003,1,27,2.9
9940004,2,25,2.8
9950001,1,85,2
9950002,2,85,2
9960002,2,44,2.1
10020001,1,47,2.4
10020002,2,45,2.6
10020003,2,19,2.5
10040001,1,45,2.3
10040002,2,37,2.5
10050001,1,57,2.6
10050002,2,57,2.2
10070001,2,76,1.8
10080001,2,29,2.6
10090001,1,48,3.2
10090002,2,46,2.7
10090003,1,22,2.8
10090004,1,17,3
10100001,1,57,2.4
10110001,2,62,2.2
10120001,2,52,3.3
10130002,2,50,3.3
10130003,2,22,3.4
10140001,2,84,2.5
10150001,1,77,3.2
10160001,1,87,3
10190001,1,72,2.7
10190002,2,62,2.9
10210001,2,62,2.6
10220001,1,45,2.8
10220002,2,42,2.8
10220003,1,13,2.9
10230001,1,58,2.5
10230002,2,58,2.6
10230003,1,21,3.1
10240001,1,52,2.8
10240002,2,52,2.9
10240003,2,25,2.7
10240004,2,21,3.1
10260001,1,67,2.7
10260002,2,66,2.7
10270001,1,72,2.8
10270002,2,72,3.1
10280002,2,60,2.5
10290001,2,65,2.7
10290002,1,45,3.3
10300001,1,57,3.2
10310001,1,75,2.4
10310002,2,77,3.2
10320001,1,57,2.3
10320003,1,32,2.6
10320004,1,26,2.6
10320005,2,90,2.8
10330001,1,53,3.6
10330002,2,49,3.4
10350002,2,49,3.3
10360001,1,52,3.3
10360003,2,22,3
10370001,1,67,3.1
10370002,2,66,2.9
10380003,1,54,2.6
10390001,1,60,3.1
10390002,2,57,2.9
10400001,2,67,2.4
10410001,1,64,3.2
10410002,2,64,3.7
10410101,1,30,3.3
10410102,2,29,3
10430001,1,88,2.6
10430002,2,86,2.4
10450001,1,52,2.5
10450002,2,51,1.9
10450003,1,20,2.3
10470001,1,44,2.4
10480001,1,56,3.3
10480002,2,48,3.4
10480003,2,25,3.2
10480004,1,21,3.3
10490001,1,44,3.7
10490002,2,43,3.4
10490003,2,14,3.1
10530001,2,32,2.9
10530002,1,60,3
10530003,2,56,2.8
10540001,1,38,2.8
10540002,2,36,3.2
10550001,1,46,2.9
10550002,2,40,2.9
10550003,1,16,2.9
10550004,1,14,3.3
10560001,1,70,2.7
10560002,2,67,2.7
10560003,1,43,2.6
10570001,1,62,2.6
10570002,2,57,2.8
10570004,2,29,2.6
10580001,1,61,3.1
10580002,2,53,3.2
10580003,1,25,3
10580004,1,24,3.3
10600001,1,65,3.5
10600002,2,62,3.3
10610001,1,80,2.5
10610002,2,74,2.7
10620001,1,72,2.7
10620002,2,71,2.9
10630001,1,70,2.8
10630002,2,66,3
10650001,1,43,2.3
10650002,2,43,2.5
10660001,1,43,3.2
10660002,2,42,2.7
10670001,1,61,2.6
10670002,2,64,3.8
10670003,2,28,3.1
10670004,2,26,2.5
10670005,1,24,2.6
10680001,1,44,2.5
10680002,2,44,2.6
10680003,1,14,2.8
10690002,2,44,2.4
10690003,1,16,3.1
10690004,1,14,2.7
10700001,1,85,2.8
10700002,2,83,2.3
10710001,1,76,2.6
10730001,1,38,2.6
10730002,2,37,2.7
10740001,1,45,2.8
10740002,2,45,2.6
10750001,1,54,2.4
10750002,2,52,2.8
10750003,2,25,2.5
10750004,1,22,2.6
10760001,1,48,3.1
10760002,2,45,3.2
10760004,1,17,3
10760005,1,14,3.1
10780001,1,68,2.7
10780002,2,70,3
10790001,1,46,3
10790002,2,44,2.6
10790004,1,15,3.2
10800001,2,79,3.6
10810002,2,54,2.4
10820001,2,83,2.4
10830001,1,32,3
10830002,2,32,3.7
10830003,2,14,3.4
10850001,1,56,3.5
10850002,2,54,3.2
10850003,2,23,2.2
10850004,2,20,3
10850005,1,17,2.6
10860001,1,58,2.4
10860002,2,53,2.7
10860003,2,31,2.2
10870002,2,47,3.2
10870003,1,21,2.8
10900001,1,46,2.9
10900003,2,16,2.8
10900004,1,15,2.8
10920001,1,49,2.9
10920002,2,49,2.8
10920003,1,16,3.1
10930001,1,59,2.4
10930002,2,51,2.8
10930003,2,31,2.4
10930004,2,31,2.9
10930005,1,25,2.9
10940001,1,55,2.9
10940002,2,56,3
10970001,1,51,2.7
10970002,2,50,2.8
10970003,2,21,2.3
10980001,1,42,2.8
10980002,2,42,2.6
10980003,2,62,3.2
10980004,2,13,3.1
11000001,1,60,2.7
11000002,2,60,2.9
11000101,1,36,3.4
11000102,2,35,3.4
11010001,1,53,3.2
11010002,2,53,3.2
11010003,2,25,2.7
11010004,2,18,3.2
11020001,1,54,2.9
11020002,2,50,3.3
11020003,2,19,3.3
11030001,1,59,2.8
11030002,2,50,2.7
11030003,2,26,2.6
11030004,2,24,2.7
11030005,1,22,2.8
11040001,2,62,2.5
11040002,1,60,3
11040101,2,28,3
11050001,1,48,3
11050002,2,47,2.9
11050003,2,19,3.3
11050004,2,17,3.5
11050005,2,14,3.9
11060001,1,66,3
11060002,2,62,2.8
11060004,1,31,2.8
11060101,2,33,3.5
11060102,1,34,3.4
11080001,1,85,3
11080002,1,26,3.3
11080003,1,21,3.4
11100001,2,50,3.3
11100002,2,25,3.5
11100003,2,20,3.4
11110001,2,47,3.1
11110002,2,27,3.5
11110003,1,23,3.3
11120001,2,87,3.5
11120002,1,26,3.3
11120003,2,21,3.2
11140001,1,45,2.6
11140002,2,43,3.1
11140003,2,16,2.7
11160001,1,50,2.2
11160002,2,50,2.3
11170001,1,81,2.6
11170002,2,79,2.8
11180001,1,48,3.1
11180002,2,48,3
11180003,2,21,3
11180004,1,18,3.6
11190001,1,60,3
11190002,2,60,2.8
11190003,1,33,3.4
11190004,2,31,3
11190005,1,29,3
11200001,1,49,2.9
11200002,2,48,2.9
11220001,2,52,3
11220004,1,15,2.9
11230001,1,73,2.9
11230002,2,72,3.1
11250001,1,41,3.1
11250002,2,41,3.1
11260001,1,52,2.4
11260002,2,43,3.3
11260004,2,78,3.2
11260005,1,20,2.7
11260006,2,15,3.2
11290001,1,58,2.8
11290002,2,57,3.3
11290003,2,31,3.4
11290004,2,29,2.4
11290005,1,28,3.1
11350001,1,55,2.2
11360002,2,70,3.2
11380002,2,56,2.3
11390001,1,48,2.2
11400002,2,48,2.6
11410002,2,55,3
11420003,1,39,2.4
11430002,2,48,3.2
11440001,1,54,3.2
11440002,2,50,2.8
11440003,1,24,2.9
11440004,1,29,2.7
11460002,2,42,3.4
11470001,1,51,3.2
11470002,2,49,3.5
11470004,2,19,3.5
11480001,1,63,3
11480002,2,60,2.9
11490001,1,47,3
11490002,2,43,2.9
11490003,1,16,3.3
11490004,1,14,3.4
11510001,1,45,2.6
11510002,2,45,2.6
11510003,1,16,3.3
11510004,2,14,3.2
11520002,2,50,3.9
11520003,1,21,3.5
11520004,2,18,3.1
11530001,1,50,2.6
11530002,2,44,2.5
11530003,2,19,3.1
11530004,1,16,3.2
11560001,1,74,3
11560002,2,68,2.7
11580001,1,79,2.1
11580002,2,76,2.9
11590001,1,69,3.1
11590002,2,68,3
11620001,1,66,2.9
11620002,2,63,2.5
11620004,1,30,2.7
11630001,2,66,2.3
11640001,2,77,2.2
11660001,1,38,3.5
11660002,2,40,3
11670001,1,64,3.2
11680002,2,88,2.6
11690002,2,54,3.1
11700001,1,65,2.8
11700002,2,61,2.4
11710001,1,62,2.5
11710002,2,56,3.1
11720001,1,43,2.7
11760001,1,54,2.4
11760002,2,54,2.9
11760003,1,21,3
11760004,2,16,2.9
11790002,2,49,3.4
11800001,2,52,3
11810001,2,62,2.9
11810002,2,27,3.5
11910001,1,52,2.7
11910002,2,48,3.2
11910004,1,18,3.9
11920001,1,47,3.8
11920002,2,46,3.4
11920003,2,19,3.5
12040001,1,58,2.8
12040002,2,54,2.7
12040003,1,25,2.4
12050001,1,66,2.7
12050002,2,55,2.8
12070001,1,79,2.7
12070002,2,71,2.4
12100001,1,79,2.3
12100002,2,71,2.6
12100003,1,47,2.7
12110001,2,59,3.1
12110002,1,62,2.4
12110003,1,36,3.4
12110004,1,26,3.2
12140001,1,63,2.4
12160001,1,56,2.3
12160002,2,50,3.1
12170001,1,49,2.4
12170002,2,53,2.3
12180001,1,52,3.1
12180002,2,51,3.2
12200001,2,61,3
12220001,1,54,3
12240001,1,65,3
12260001,2,36,3.1
12270001,1,38,2.8
12280001,2,39,3.2
12290002,2,38,2.6
12310001,1,76,2.8
12310002,2,72,3.4
12320001,1,46,3.3
12320002,2,42,2.6
12330001,1,62,3.5
12340001,1,61,2.4
12340002,2,61,2.9
12340003,1,37,3.1
12350002,2,50,3
12360001,1,65,3.6
12360002,2,63,3.4
12370002,2,42,3.3
12380001,1,39,3.1
12380002,2,40,3.2
12390001,1,68,2.4
12400001,1,66,3.5
12400002,2,63,3.4
12400004,1,37,3.1
12420001,1,43,3.2
12420002,2,44,3.1
12420003,1,13,3.2
12440002,2,57,3
12450001,1,48,2.6
12450002,2,48,2.5
12450003,1,18,2.1
12460001,1,51,2.9
12460002,2,51,3.1
12460003,2,23,2.9
12460005,1,15,3.2
12470001,1,48,2.5
12470002,2,46,3.2
12470003,1,18,2.2
12470004,1,15,2.3
12480001,1,52,2.8
12480002,2,51,2.3
12490001,1,57,3.1
12490002,2,53,3.3
12490004,1,21,2.8
12490005,2,17,2.6
12500001,1,58,2.9
12500002,2,57,3
12500003,1,29,3.2
12500004,2,24,2.7
12510001,1,54,2.4
12510002,2,53,3.2
12510003,1,27,3.1
12510004,1,25,2.8
12550001,2,80,1.9
12560001,2,38,3.4
12560002,1,39,3.2
12570001,1,63,3.3
12570002,2,60,3.5
12570003,1,32,3.5
12570004,2,30,3.2
12580001,1,75,2.7
12580002,2,71,2.4
12590001,2,56,3.1
12590002,1,32,3.6
12590003,2,29,3.9
12610001,2,52,2.5
12610002,2,22,3.5
12610003,1,21,2.3
12650001,1,56,2.6
12650002,2,56,2.4
12650003,2,13,3
12660001,2,71,3.2
12660002,2,45,3.3
12680001,1,57,2.4
12680002,2,51,2.6
12680003,1,25,2.5
12680004,1,22,3.1
12690002,2,77,3.1
12690003,1,57,2.7
12690004,2,50,3
12700001,1,60,3.1
12700002,2,58,3.3
12700003,2,32,3.2
12700004,2,32,3
12730001,2,51,2.4
12740001,1,77,2.7
12740002,2,73,2.7
12760001,1,51,2.4
12760002,2,47,3
12760003,1,14,2.9
12770001,2,79,2.1
12780002,2,51,3.8
12780003,1,19,3.5
12780005,1,53,2.4
12790002,2,50,2.4
12800002,2,50,3
12810001,1,43,3.3
12810002,2,41,2.7
12810003,1,13,3.2
12830001,1,41,3.5
12830002,2,38,2.7
12830003,1,14,2.8
12840002,2,40,2.4
12840003,1,16,2.7
12860001,1,49,3.2
12860002,2,46,2.7
12860003,2,20,3
12860004,1,15,2.8
12870001,2,64,2.8
12870002,2,35,2.9
12880001,1,47,2.6
12880002,2,45,2.8
12880003,1,15,2.6
12900001,1,56,2.9
12900002,2,58,2.5
12900003,1,28,2.5
12910001,1,62,2.4
12910002,2,61,2.4
12910003,1,33,3.1
12910004,1,29,3.4
12930001,1,61,2.5
12930002,2,60,2.5
12960001,1,66,2.8
12960002,2,61,3.2
12980001,1,43,3.3
12980002,2,40,3
12990001,1,63,2.7
12990002,2,59,2.7
12990005,2,20,2.6
13000001,2,75,3.4
13000002,1,39,2.7
13010004,1,27,3
13010005,2,71,2.5
13040001,1,76,2.5
13040002,2,71,2.7
13060001,2,47,3.1
13060002,2,25,3.2
13060003,1,23,3.2
13070001,1,45,3.1
13070002,2,38,3.1
13080001,1,58,3
13080002,1,29,3.1
13090001,1,80,2.9
13090002,2,73,2.9
13100001,2,76,2.9
13110001,2,62,2.9
13130001,1,72,2.9
13130002,2,67,2.9
13140001,2,86,2.9
13150001,1,47,2.9
13150002,2,47,2.9
13150003,2,74,2.9
13150004,2,22,3
13160001,2,68,3.1
13160004,2,40,3.3
13170001,1,59,2.7
13170002,2,61,2.4
13180001,1,51,3.3
13180002,2,48,3.6
13180003,2,23,3.3
13190003,1,27,2.8
13190004,1,25,2.4
13190005,2,20,2.4
13200002,2,47,2.3
13210001,1,82,2.7
13210002,2,79,3.2
13220001,2,54,3.2
13220002,2,34,3.4
13230001,1,74,3.1
13230002,2,68,2.8
13240001,2,87,2.6
13250001,2,56,2.4
13260001,1,82,3.1
13270001,2,86,2.9
13290001,1,36,3.3
13290002,2,36,2.7
13290003,2,15,2.9
13340001,1,60,2.3
13340002,2,59,2.3
13340003,2,23,2.3
13350001,2,68,2.2
13350002,1,45,3
13360001,1,86,2.9
13360002,2,83,2.5
13380001,2,85,2.5
13400001,2,65,2.3
13410001,2,65,2.6
13410002,1,38,2.6
13420001,2,79,2.6
13430002,2,60,2.7
13440001,1,63,3
13440002,2,56,2.9
13450001,1,50,3
13450002,2,50,3
13450003,1,23,3
13460001,1,51,2.8
13460002,2,48,2.8
13480001,1,34,3.2
13480002,2,59,3.1
13500001,1,52,3.5
13500002,2,49,2.9
13500004,2,22,2.8
13500005,1,20,2.5
13510002,2,59,2.6
13520001,1,78,2.7
13520002,2,70,2.7
13530001,1,87,2.7
13530002,2,81,2.9
13550001,2,57,2.6
13560001,1,51,3
13560002,2,48,2.5
13560003,1,16,3.3
13560004,1,85,3.3
13570001,1,73,2.8
13570002,2,70,2.5
13580001,1,54,2.4
13580002,2,51,2.5
13580003,1,22,2.4
13580004,2,17,2.8
13590001,1,57,3
13590002,2,55,2.6
13590003,2,26,2.7
13590004,1,23,3.2
13600001,1,55,3.3
13600002,2,48,2.4
13600003,2,21,2.4
13600004,2,19,3.6
13610001,1,45,3
13610002,2,42,2.8
13630001,1,46,2.9
13630002,2,46,3
13640001,1,85,2.6
13640002,2,86,3.5
13660001,1,59,3
13660002,2,48,3.2
13660003,2,23,3.8
13660004,2,20,3.8
13700001,1,58,2.6
13700002,2,54,2.9
13700003,2,27,3.1
13700004,1,25,3.4
13740001,2,86,2.6
13750001,1,79,2.4
13750002,2,77,2.8
13760001,1,79,2.4
13760002,2,75,3.3
13760003,1,21,3.3
13770001,1,53,2.8
13770002,2,42,2.7
13770003,2,17,3
13770004,1,14,3.2
13780001,1,55,2.5
13780002,2,48,3.4
13780005,2,17,2.9
13790001,1,66,3.4
13790002,2,61,3.1
13790003,1,36,3.2
13820001,1,68,3.1
13820002,2,68,2.7
13820003,1,40,2.8
13820004,1,23,3.3
13830001,1,72,2.6
13830002,2,70,2.9
13830003,1,43,3
13830004,2,43,2.7
13840001,1,59,2.3
13840002,2,51,3.2
13840003,1,26,3.6
13840004,2,14,2.6
13860001,1,62,3
13860002,2,58,3
13870001,1,82,3.3
13870002,2,80,3.2
13890001,1,50,3.3
13890002,2,47,3.4
13890003,2,16,3.2
13900001,1,48,3.5
13900002,2,45,3.3
13900003,1,16,3.1
13940001,2,89,2.5
13940002,1,63,2.3
13940003,1,20,2.8
13950001,1,52,2.6
13950002,2,52,2.6
13950003,2,27,2.6
13950004,1,23,3.4
13960001,1,65,2.8
13960002,2,60,2.9
13960003,2,37,3.3
13970001,1,47,2.2
13970002,2,49,2.4
13970003,1,20,2.3
13970004,2,15,2.5
13980001,1,71,2.8
13980002,2,71,2.4
13990001,1,62,2.4
13990002,2,62,2.4
13990003,2,36,2.8
13990004,2,34,2.5
14000001,2,78,2.5
14000002,1,47,1.9
14020001,1,79,2.7
14020002,2,69,2.5
14030001,1,47,2.5
14030003,2,28,2.7
14040001,2,59,2.7
14060001,2,69,2.7
14070001,2,83,3.1
14080001,2,74,2.3
14090001,1,61,3.6
14090002,2,56,3.6
14090004,2,26,3.4
14110002,2,72,2.6
14110101,2,47,3.2
14110102,1,18,2.6
14110103,1,47,2.5
14110104,2,14,2.2
14130001,1,62,2.7
14130002,2,59,2.5
14160001,2,68,3
14170001,1,74,2.3
14170002,2,71,2.1
14180001,2,85,2.1
14200001,2,81,2.6
14240002,2,46,2.4
14240003,1,17,2.5
14240004,1,13,2.5
14260001,1,48,3
14260002,2,43,3.2
14260003,2,20,3.3
14260004,1,16,3
14300001,1,49,2.4
14300004,1,21,2.8
14330002,2,51,3.1
14340001,1,44,2.8
14340002,2,44,2.8
14340004,2,19,2.7
14340005,2,14,2.9
14360002,2,53,2
14360003,2,28,2.6
14360004,2,27,3
14370002,2,51,2.8
14370003,1,16,2.5
14370004,2,14,3.1
14380002,2,55,2.9
14380003,2,31,3.1
14380004,2,24,3
14400002,2,56,3
14410001,1,46,3
14430001,1,85,2
14430002,2,83,2.6
14460001,1,85,3.1
14460002,2,81,3.1
14470001,1,59,2.6
14470002,2,59,2.7
14470003,1,27,2.8
14480002,2,63,2.5
14480003,1,34,2.6
14490001,1,75,2.6
14490002,2,71,2.5
14530001,1,52,2.2
14530002,2,86,2.7
14540001,1,46,3
14540002,2,45,3
14550002,2,65,3.2
14560001,2,42,3.2
14560002,1,47,3
14580001,1,41,2.3
14580002,2,38,2.6
14590001,1,61,2.8
14590002,2,56,2.8
14590003,1,28,3.1
14600001,1,47,2.2
14600002,2,44,2.3
14600003,2,13,2.9
14620001,1,79,2.4
14620002,2,77,2.6
14620003,2,48,2.4
14630001,1,61,3
14640002,2,50,2.1
14660002,2,57,3
14660003,2,31,2.7
14670002,2,52,2.8
14700001,1,56,2.3
14700002,2,54,2.7
14700003,2,31,2.8
14700004,2,29,2.8
14710001,2,47,2.7
14710002,1,22,2.4
14730002,1,57,2.4
14730003,2,54,2.8
14730004,1,22,2.6
14740001,1,52,3.1
14740002,2,52,2.6
14740003,2,22,3.1
14740004,2,17,2.8
14750001,1,84,2.6
14750002,2,76,2.4
14760003,2,77,2.4
14770003,1,29,3.1
14780002,2,60,3.2
14790001,1,53,2.9
14790002,2,51,3
14810001,1,39,2.9
14810002,2,37,3.3
14820001,1,58,3.2
14820002,2,58,3
14820003,1,18,2.8
14830001,1,57,3
14830002,2,56,3.1
14830003,1,26,3
14840001,1,40,2.8
14840002,2,37,2.9
14850001,1,48,2.8
14850002,2,47,3
14850003,2,19,3.1
14860001,1,50,2.9
14860002,2,48,2.8
14860003,1,21,2.6
14870001,1,58,2.7
14870002,2,56,3
14870004,2,24,3.2
14880001,1,42,3.1
14880002,2,37,3
14880003,1,13,3.2
14900001,1,36,3.4
14900002,2,34,3.3
14910001,2,58,2.6
14920002,2,75,2.4
14940001,2,75,2.4
14940002,1,77,2.6
14950001,2,60,3.3
14950002,1,27,2.1
14950003,1,59,3.2
14970001,1,58,2.8
14970002,2,60,2.7
14970003,2,24,2.5
15110002,2,45,2.7
15120001,1,49,2.8
15120002,2,46,2.7
15120003,2,22,3.2
15120004,1,17,2.8
15130001,2,36,2.6
15130002,1,42,2.8
15130003,2,63,1.9
15140001,1,52,2.9
15140002,2,52,2.8
15150001,1,67,2.9
15150002,2,65,2.5
15150003,2,88,2.4
15160001,1,56,2.5
15160002,2,56,2.5
15160003,2,27,3.1
15160004,1,25,2.6
15170001,2,90,2.4
15180002,1,54,2.1
15190001,1,63,2.4
15190002,2,62,2
15200001,1,72,2.3
15200002,1,43,2.4
15200003,2,43,2.4
15200004,2,13,2.9
15200005,2,13,2.9
15210001,2,84,2.4
15220001,2,84,2.5
15230001,1,86,2
15230002,1,49,3
15230003,2,42,2.7
15230005,1,17,3
15230006,1,16,3.1
15250001,1,66,2.7
15250002,2,65,2.7
15260001,1,73,2.8
15260002,2,70,2.7
15270001,1,65,3
15270002,2,58,3
15280001,1,48,2.8
15280002,2,84,3.2
15280003,2,30,2.8
15290001,2,82,2.3
15300001,1,51,2.5
15300002,2,47,2.6
15300003,1,23,3.4
15300004,2,16,3.2
15310001,2,84,2.4
15340001,1,54,3
15340002,2,50,2.8
15340003,1,23,2.9
15340004,2,21,3.3
15390001,1,48,3.1
15390002,2,48,2.6
15400001,1,57,3.2
15400002,2,48,3
15410001,1,43,3.2
15410002,2,44,2.9
15410003,2,19,3.2
15470002,2,78,2.7
15480001,1,49,3.2
15480002,2,47,2.8
15480003,2,18,3.1
15480004,1,16,3.2
15530001,1,82,2.7
15540001,2,93,2.8
15550001,1,81,2.9
15560001,1,49,3.3
15560002,2,43,2.7
15560003,1,18,3.6
15560004,1,15,2.9
15590002,2,47,3.2
15590004,1,23,2.4
15590005,2,78,3
15600001,1,57,3
15600002,2,53,2.9
15610001,1,51,3.1
15610002,2,49,2.6
15610003,2,74,3
15610004,2,16,3.4
15630001,1,77,3.3
15630002,2,76,3.3
15630101,2,49,2.9
15630102,2,24,2
15630103,2,23,3
15630104,1,52,2.6
15640001,1,51,3.5
15640002,2,51,2.5
15640003,2,20,3.9
15650001,1,48,2.3
15650002,2,44,3.5
15650003,2,14,2.4
15650004,2,14,2.8
15660001,1,38,2.6
15660002,2,38,2.9
15680001,1,47,2.5
15680002,2,45,3
15680003,2,20,3.6
15680004,1,19,2.5
15710001,2,53,3.4
15710002,1,59,2.4
15710003,1,28,3.2
15710004,2,24,3.5
15720002,2,76,2.8
15720003,2,48,3.8
15720004,2,22,3.3
15730001,1,70,3.2
15730002,2,67,3.3
15730007,2,42,3.5
15730008,1,14,3
15730101,2,39,2.6
15730102,1,41,2.8
15750002,2,79,3
15750101,1,50,2.9
15750102,2,46,2.9
15750103,2,19,2.7
15760001,1,53,2.4
15760002,2,51,3.6
15760003,2,19,3.6
15760004,2,17,3.6
15770001,1,51,3.4
15770002,2,44,3.2
15770003,1,19,2.7
15770004,1,16,3
15780001,2,72,3.1
15820001,1,50,3
15830001,2,53,3.2
15830002,1,25,3.1
15830003,2,21,2.7
15860001,1,57,2.6
15860003,2,23,2.6
15890001,2,53,2.6
16080003,1,37,3.1
16100001,1,57,2.7
16100002,2,53,2.9
16100003,1,29,2.9
16100004,2,27,3
16100005,2,87,2.6
16110001,1,83,2.4
16120001,1,37,3
16130001,1,52,3.2
16130002,2,49,2.7
16140001,1,50,3.1
16140002,2,46,2.9
16150001,1,48,2.9
16150002,2,46,3.2
16150003,2,14,3
16180001,1,40,3.1
16180002,2,40,3.2
16190001,1,47,3
16200001,1,50,2.6
16200002,2,47,2.9
16200003,1,19,2.8
16210001,1,80,2.7
16210002,2,75,2.7
16220001,1,58,2.8
16220002,2,55,2.7
16240001,1,39,2.9
16240002,2,45,2.8
16250001,1,61,2.4
16250002,2,59,2.4
16250003,2,29,2.3
16260001,2,62,2.8
16260002,1,34,2.8
16280001,1,53,2.6
16280002,2,47,2.5
16280003,1,20,2.5
16290001,1,80,2.9
16290002,2,78,2.8
16300001,2,61,2.6
16310001,1,53,2.9
16310002,2,50,2.2
16310003,2,22,2.8
16310004,1,20,2.9
16320001,1,45,2.7
16320002,2,45,2
16320003,1,18,2.1
16320004,1,14,2.5
16340001,1,50,3.5
16340002,2,51,3.4
16340003,2,24,2.6
16350002,2,45,3.1
16350003,1,18,3.2
16350004,2,16,3.1
16420001,1,53,3
16420002,2,46,2.7
16420004,2,18,2.8
16440001,1,64,2.6
16440002,2,59,2.3
16510001,1,51,2.7
16510002,2,47,2.5
16510003,2,21,2.9
16550001,1,53,2.7
16550002,2,53,2.3
16550003,1,17,2.6
16560001,1,63,2.1
16560002,2,59,2.2
16570001,1,75,2.4
16570002,2,73,2.3
16580001,1,54,2.6
16580002,2,52,2.6
16580003,2,25,3
16580004,1,18,2.9
16600001,2,48,2.3
16610001,1,72,2.2
16610002,2,68,2
16690002,2,44,2.2
16690003,2,16,2.5
16690004,2,13,3
16740002,2,63,2.6
16760001,1,75,2.7
16760002,2,72,2.6
16770001,2,59,3
16770002,2,27,2.7
16780001,2,77,2.8
16790003,2,86,2.5
16790005,2,49,2.6
16810002,2,46,2.8
16820001,1,48,2.8
16820002,2,43,2.8
16830001,2,61,2.7
16850001,1,65,3
16850002,2,61,2.6
16880001,1,74,3.3
16880002,2,72,2.8
17030002,2,37,2.6
17030003,2,63,2.8
17030004,1,16,2.5
17040001,2,59,2.3
17040002,2,24,2.7
17060001,2,65,2.2
17070001,1,77,2.5
17070002,2,75,2.6
17070003,2,18,2.8
17070004,2,16,2.7
17080001,2,52,2.5
17080002,1,27,2.9
17080003,1,22,2.9
17090001,2,83,3
17100002,2,81,2.9
17110001,1,60,3
17110002,2,57,2.7
17110003,1,33,3.1
17110004,1,31,2.9
17120001,1,61,3
17120002,2,57,2.5
17120003,1,17,2.9
17130001,1,61,3
17130002,2,55,2.9
17130003,1,29,2.5
17130004,1,25,3.1
17140001,2,68,3.1
17140002,2,43,2.9
17220001,1,60,2.8
17220002,2,56,2.8
17220004,1,24,2.7
17220005,2,28,2.8
17220006,2,85,2.6
17310001,1,63,2.8
17310002,2,61,3.2
17370001,1,67,3
17370002,2,70,3
17370003,1,45,3.1
17390002,2,86,2.8
17400001,1,48,2.9
17400002,2,48,2.9
17400003,2,23,2.9
17430001,1,58,2.9
17430002,2,57,3
17430003,1,30,2.9
17440002,2,56,3.1
17440003,1,27,3.1
17440004,2,88,2.7
17450001,1,57,2.9
17450002,2,53,2.4
17450003,1,29,2.7
17450004,1,27,3
17470001,2,50,2.7
17470002,2,23,2.7
17470003,2,20,2.4
17470004,1,19,2.9
17480001,1,80,2.6
17490001,1,66,2.6
17490002,2,62,2.6
17490003,1,37,2.9
17490004,1,34,3.1
17500001,1,70,2.9
17500002,2,69,2.9
17510002,2,65,2.5
17550001,1,46,2.9
17550002,2,48,3.1
17550003,1,14,3.2
17570001,1,59,3.3
17570002,2,56,3.4
17570003,2,26,3
17610001,1,55,2.7
17610002,2,53,3.4
17610003,2,31,3.4
17620001,1,64,2.3
17620002,2,33,2.2
17620003,1,27,2.5
17630001,1,69,2.4
17630002,2,62,2.8
17630003,1,33,2.2
17650001,1,62,2.4
17650002,2,57,2.4
17670001,1,58,2.8
17670002,2,57,2.8
17670003,2,31,2.4
17670004,2,26,2.4
17690001,1,65,2.2
17690002,2,62,2.4
17690003,2,35,2.7
17690005,1,30,3.1
17720001,1,65,2.3
17720002,2,61,2.7
17740001,1,44,3.9
17740002,2,44,3.8
17740003,2,18,3.7
17740004,2,14,3.8
17750001,1,46,3.8
17750002,2,45,3.7
17750003,1,17,3.8
17750004,1,16,3.9
17770001,1,45,3.8
17770002,2,45,3.9
17770003,1,18,3.7
17770004,2,14,3.8
17790001,1,49,3.8
17790002,2,45,3.9
17790003,1,17,3.9
17790004,2,14,3.9
17800001,1,42,3.7
17800002,2,41,3.8
17800003,2,16,3.9
17810001,1,45,3.7
17810002,2,41,3.8
17810004,1,79,3.1
17810005,2,68,3.4
17840004,1,34,2.9
17860001,1,42,2.7
17860002,2,40,2.7
17860003,1,13,3
17880001,1,81,2.8
17880002,2,76,3
17900001,1,66,2.4
17900002,2,61,2.4
17900004,2,31,2.1
17900005,1,27,2.8
17900006,2,92,2.2
17900101,1,41,2.6
17900102,2,37,2.5
17950002,2,33,2.4
17960002,2,77,2.8
18000002,2,78,2.7
18020002,2,78,3
18030001,1,48,2.8
18030002,2,44,3
18030003,1,20,3
18030004,2,17,2.9
18040001,1,43,2.9
18040002,2,44,2.7
18040003,1,18,2.8
18040004,1,16,2.9
18060001,1,91,3.1
18060002,2,66,2.9
18070001,1,47,3.1
18070002,2,46,3.6
18070003,1,19,3.3
18080001,1,57,3.5
18080002,2,50,2.8
18080003,2,29,3.6
18080004,1,26,2.9
18080005,2,24,3
18090001,1,70,3.3
18090002,2,67,2.9
18090003,2,41,3.7
18100001,1,46,3.2
18100002,2,48,2.8
18100003,2,19,2.9
18100004,1,16,3.4
18110001,1,59,3
18110002,1,27,3.2
18110003,1,24,2.7
18130002,2,54,3.3
18160002,2,55,3.2
18170002,2,59,2.6
18180001,1,38,3
18180002,2,38,3.4
18200001,1,65,2.9
18200002,2,62,3.2
18200003,1,38,3.1
18210001,2,82,3.2
18210002,1,53,3.5
18230001,1,55,3.5
18240002,2,45,2.9
18250001,1,51,2.7
18250002,2,42,2.9
18260002,2,39,2.9
18280001,2,63,2.9
18280002,1,35,2.9
18290001,1,45,3.1
18290002,1,36,3.1
18300002,2,69,3.2
18310001,2,78,3.4
18320001,1,56,2.9
18330001,1,48,3
18330002,2,43,2.9
18340001,1,68,2.4
18340002,2,63,2.7
18340003,1,39,3.1
18360001,1,46,3.2
18360002,2,46,3.5
18360003,2,19,3.2
18360004,1,16,2.8
18380001,1,48,2.9
18380002,2,42,2.7
18390001,1,65,2.5
18390002,2,63,2.6
18400001,1,47,2.6
18400002,2,47,2.3
18400003,2,19,2.7
18400004,2,16,2.5
18410001,1,77,2.7
18410002,2,76,2.6
18420001,1,46,2.8
18420002,2,43,2.7
18420003,2,15,2.7
18430001,1,82,2.8
18440001,1,42,2.7
18440002,2,40,2.4
18460005,1,38,2.7
18470001,1,76,2.5
18470002,2,71,2.6
18480001,2,54,2.4
18480002,2,29,2.7
18530001,1,34,3.5
18530002,2,70,3.1
18540001,1,51,2.7
18540002,2,44,2.8
18540003,2,18,2.8
18610001,1,59,2.9
18620001,1,76,2.9
18620002,2,73,2.8
18640001,1,53,3
18640002,2,50,2.9
18640003,1,16,3
18660002,2,81,2.9
18690001,2,88,2.8
18700001,1,71,2.9
18700002,2,71,2.9
18700003,2,40,2.9
18710001,1,55,3.1
18710002,2,53,3.1
18710003,2,20,3.1
18710004,2,18,3.1
18720001,1,50,3.2
18720002,2,49,3.2
18720003,1,26,3.1
18720004,2,21,3.1
18730001,1,40,3
18740001,2,89,2.8
18750001,1,74,2.9
18750002,2,72,2.9
18750003,2,92,2.9
18750004,1,44,2.9
18750005,2,45,2.9
18760001,1,83,2.9
18770002,2,90,2.8
18780001,1,80,2.9
18780002,2,78,2.8
18820001,1,54,3
18820002,2,93,3.1
18830001,1,90,3.1
18830002,2,88,3
18840001,1,85,3
18840002,2,78,3.1
18850001,1,82,2.7
18850002,2,77,2.7
18850003,1,24,3
18850004,2,53,3
18860001,1,45,1.3
18860002,2,42,2.6
18860003,1,13,2.7
18870001,1,50,2.9
18870002,2,48,2.9
18870003,2,19,2.9
18890001,1,54,3.4
18890002,2,53,2.1
18890003,1,17,3.4
18920001,1,46,3.5
18920002,2,44,2.9
18930001,1,63,2.1
18930002,2,63,2.5
18940001,1,77,2.9
18940002,2,71,3
18950001,1,79,2.9
18950002,2,76,3
18960002,2,58,2.8
18970001,1,61,2.7
18970002,2,62,2.7
18980002,2,78,2.8
18990001,1,55,2.7
18990002,2,53,3.2
19000001,1,69,3.2
19000002,2,67,3.2
19010001,1,61,2.8
19010003,2,60,2.8
19010004,2,26,1.9
19010005,2,26,1.9
19020002,2,48,3.5
19030001,1,62,2.7
19030002,2,58,3.2
19050001,1,73,2.9
19060001,1,46,3
19060002,2,45,3
19070001,1,50,2.9
19070002,2,43,2.9
19070003,2,16,2.9
19080001,1,53,2.9
19080002,2,52,2.9
19090001,1,44,3.2
19090002,2,43,3.2
19100001,1,54,3
19110004,1,50,2.9
19120002,2,83,2.9
19130003,1,36,3.1
19170003,1,54,3.3
19170004,2,51,3.7
19170005,1,23,3.4
19170006,1,20,3.4
19200001,1,65,3.3
19200002,2,62,3.5
19200003,1,38,3.5
19200101,1,36,3.4
19200102,2,31,3.7
19230001,1,38,3.6
19230002,2,39,3.6
19250001,2,77,3.1
19280001,2,74,2.2
19280002,1,42,2.1
19280003,2,41,1.9
19300001,1,67,3.3
19300002,2,64,3
19300003,2,33,2.5
19300004,2,32,2.7
19310001,1,65,2.2
19310002,2,64,3.2
19310003,1,34,2.8
19320001,2,93,2
19320002,2,67,2.5
19340001,2,61,2.8
19340003,1,26,3.1
19350001,2,72,3
19370001,1,66,3.4
19370002,2,67,3
19380001,1,65,3.6
19380002,2,64,3.3
19380101,1,34,3.5
19380102,2,34,3.7
19400001,2,78,2.5
19400002,1,55,2.9
19430001,2,77,2.2
19440001,1,45,3.5
19440002,2,44,3.1
19440003,2,16,2.6
19470001,1,53,3.2
19470002,2,42,2.9
19470003,1,18,2.7
19470004,2,16,3.2
19500001,1,79,3.1
19500002,2,78,2.8
19570001,1,56,3
19570002,2,52,2.8
19570003,2,25,2.4
19570004,1,23,2.4
19630001,1,47,3.3
19630002,2,45,2.8
19630003,2,20,2.5
19630004,2,19,2.3
19650001,1,52,2.9
19650002,2,45,2.7
19650003,1,16,2.7
19660001,1,47,2.5
19660002,2,45,2.3
19660003,2,19,2.8
19660004,1,14,2.6
19670001,1,52,3
19670002,2,45,2.6
19670003,1,19,3
19670004,1,18,3
19680001,2,65,3.2
19680002,2,42,2.8
19680003,1,40,2.5
19690001,1,50,2.9
19690002,2,50,2.3
19690003,2,23,3.1
19710001,1,70,2.4
19710002,2,66,2.8
19710003,1,44,3
19710004,2,38,2.2
19720001,1,78,3
19720003,2,49,2.6
19730001,1,54,2.7
19730002,2,48,3
19730003,1,23,2.9
19740001,1,50,2.3
19740002,2,47,3.6
19740003,1,21,3
19740004,1,18,3.3
19750001,1,62,2.9
19750002,2,57,2.8
19750003,2,32,3
19750004,1,22,3.2
19770001,1,58,3.2
19770002,2,53,3.1
19770003,1,27,3.3
19770004,2,25,3.6
19770005,1,16,3.4
19780001,1,57,3.1
19780002,2,56,2.5
19780003,2,23,3.1
19800001,1,43,3
19800002,2,40,3.3
19800003,2,14,3.2
19820001,1,60,2.6
19820002,2,56,2.2
19820003,1,28,2.9
19820004,2,26,2.7
19830001,2,87,2.9
19840001,1,53,2.6
19840002,2,48,3.1
19840003,2,16,2.7
19890001,1,65,2.8
19890002,2,63,2.9
19900002,2,82,2.6
19930001,1,79,2.8
19930002,2,78,2.7
19940002,1,60,2.4
19940003,1,27,2.8
19960001,1,72,2.2
19960002,2,67,3.2
19970001,1,69,3.2
19970002,2,67,2.6
19970003,2,42,3.1
19990001,1,60,2.8
19990002,2,55,2.4
20000001,1,66,2.6
20000002,2,62,2.1
20010001,1,52,2.1
20020002,2,71,2.8
20030002,2,79,2.9
20060001,1,61,2.8
20060002,2,60,2.8
20070001,1,48,2.8
20070002,2,49,2.9
20070003,2,22,2.9
20070004,2,20,2.7
20070005,1,15,3.2
20090003,2,35,2.9
20100001,1,57,2.7
20100002,2,54,3.1
20100003,2,28,2.8
20110001,2,76,2.9
20110002,2,26,2.9
20130001,2,85,2.6
20140001,2,80,3.2
20140002,1,44,2.8
20160001,2,74,2.4
20170001,2,70,2.6
20170003,1,40,2.6
20180001,1,42,2.7
20180002,2,40,2.4
20180003,2,13,2.3
20190002,2,71,2.8
20200003,2,50,3
20210001,1,60,2.5
20220001,2,70,2.4
20230002,2,47,2.5
20240001,1,71,2.4
20240002,2,69,2.3
20250001,1,52,2.4
20250002,2,73,2.5
20250003,2,53,2.4
20270001,1,57,2.6
20270002,2,55,2.5
20270003,2,18,2.7
20280001,1,58,2.6
20280002,2,55,2.7
20280003,1,29,2.6
20290001,1,45,2.7
20290002,2,38,2.6
20320002,2,79,2.6
20340001,1,38,2.8
20340002,2,42,2.4
20340101,1,72,3.2
20340102,2,65,2.3
20370001,1,79,3.3
20370002,2,73,3.1
20380001,1,62,2.4
20380002,2,52,2.3
20380003,2,21,3.2
20400001,1,54,2.1
20400002,2,48,2.2
20410001,2,83,2.9
20430002,2,55,3.3
20440001,1,47,2.3
20440002,2,47,2.6
20450001,2,43,2.2
20460001,1,64,2.3
20460002,1,20,2.4
20470001,1,74,2.4
20470002,2,68,2.3
20480001,1,82,2.4
20480002,2,79,2.5
20490001,1,62,2.5
20490002,2,57,2.6
20490003,1,30,2.6
20490004,2,28,2.5
20500001,1,86,2.4
20500002,2,85,2.5
20510001,1,65,2.4
20510002,2,54,2.2
20520001,1,38,2.7
20520003,2,42,2.4
20520101,1,35,2.3
20530001,1,57,2.9
20530002,2,54,2.8
20530003,1,21,2.7
20530004,2,20,3
20540001,1,56,2.9
20540002,2,52,2.5
20540003,1,28,2.8
20540004,2,24,2.7
20540005,1,86,2.6
20540006,1,39,3.1
20550001,1,74,2.8
20550002,2,72,2.8
20560001,1,49,3
20560002,2,49,2.9
20560003,1,21,3
20560004,2,15,3.2
20590001,1,54,3
20590002,2,50,2.6
20590003,1,22,3.1
20590004,2,21,3.2
20600001,1,64,3
20600002,2,59,2.7
20600003,1,35,3.4
20620001,1,58,3.1
20620002,2,53,3
20620003,1,27,2.9
20620004,2,22,3.1
20620005,2,88,2.8
20630001,1,42,2.6
20640001,1,58,2.8
20640002,2,52,2.8
20640003,1,28,3.5
20640004,1,26,3.4
20650002,2,75,2.7
20660001,1,53,3.1
20660002,2,46,2.7
20660003,2,18,2.9
20670001,1,78,2.9
20670002,2,77,2.9
20680001,1,64,2.8
20680002,2,62,2.7
20680003,1,35,2.7
20680004,1,33,3
20690001,1,39,3.1
20690002,2,38,2.9
20690003,2,13,2.7
20710001,2,51,1.9
20720001,1,60,2.8
20720002,2,56,2.9
20720101,1,34,2.7
20720102,2,28,2.9
20730001,1,59,2.6
20750002,2,49,3.4
20760001,1,76,3.2
20760002,2,75,3.2
20770001,1,53,2.5
20770002,2,52,3.6
20770003,1,28,3.5
20770004,1,22,3.2
20780002,1,55,2.2
20790001,2,56,2.8
20790002,1,25,2.9
20800001,2,68,3.2
20810001,2,28,2.9
20830001,1,43,3.3
20830002,2,39,3.2
20830003,2,85,2.9
20840001,1,48,2.7
20840002,2,46,3.4
20840003,2,19,2.8
20890001,1,71,2.8
20890002,2,63,3
20960001,1,47,2.7
20960002,2,85,3
20980003,2,35,3.4
20980005,1,34,2.8
21030001,2,78,3
21030002,1,32,3
21070001,1,42,3.2
21070002,2,43,3
21070004,2,13,3.2
21100001,1,84,3
21100002,2,80,2.2
21120001,1,52,2.3
21120002,2,47,2.6
21120004,2,22,2.5
21120005,2,21,2.8
21140003,2,38,2.8
21170001,1,47,3.7
21190001,1,47,2.4
21190002,2,45,2.4
21190005,2,70,2.6
21210001,1,63,3.2
21210002,2,60,3.2
21210003,1,37,3.4
21220001,1,64,3.2
21220002,2,94,2.7
21220005,1,31,3
21220006,2,61,3.1
21230001,1,72,2.6
21230002,2,69,2.9
21250001,2,84,2.9
21260001,1,45,2.2
21300001,1,38,3.5
21300002,2,39,3
21310002,2,54,3.1
21320001,1,54,2.9
21330001,1,58,2.9
21340001,1,75,3
21340002,2,72,3
21340003,2,49,3.2
21350001,1,78,2.9
21360001,1,46,3.3
21360002,2,39,3.3
21360003,2,19,3.1
21360004,1,15,3.1
21370001,2,72,3
21380001,1,49,2.8
21380002,2,47,3.1
21380003,1,21,3.1
21380004,1,17,3.1
21380005,1,14,3.1
21390002,2,71,2.9
21410001,1,73,3
21410002,2,76,1.9
21430001,1,50,2.8
21430002,2,50,3.3
21430003,1,25,3.2
21430004,1,24,2.4
21450001,1,74,3.1
21450002,2,72,3.1
21450003,1,43,3.3
21450004,1,42,3.4
21480001,1,51,2.7
21480002,2,55,2.8
21480003,1,26,3.2
21480004,1,16,2.4
21490001,1,55,3
21490002,2,48,3.2
21490003,1,18,3.6
21500002,2,52,3.6
21500003,1,23,3
21500004,2,19,3.6
21520001,1,54,3.5
21520002,2,53,3.3
21520003,1,26,2.4
21520004,1,24,3.4
21530002,2,81,3
21530003,2,54,2.9
21530004,2,25,2.4
21530005,1,20,3.3
21540002,2,52,2.6
21570001,1,56,3.1
21570002,2,53,3.1
21570003,2,25,3.1
21570004,1,22,2.5
21580001,1,54,2.9
21580002,2,52,3.6
21580003,1,25,3.6
21580004,1,22,3.8
21600001,1,56,3
21600002,2,51,2.3
21600003,1,26,3.6
21600004,1,23,3.2
21610001,1,63,2.9
21610002,2,62,3.3
21610003,1,36,3.7
21610004,1,33,3.4
21620001,1,57,3.1
21620002,2,57,2.4
21620003,2,23,3
21640001,2,70,2.3
21650001,1,55,2.6
21650002,2,52,2.8
21660001,1,59,3
21660002,2,56,2.9
21670001,1,70,2.8
21670002,2,63,2.3
21690001,1,76,2.7
21690002,2,68,2.8
21700001,1,67,2.7
21700002,2,65,3.1
21700004,1,35,2.8
21710001,1,78,2.9
21710002,2,74,2.9
21720001,1,64,2.8
21720002,2,59,2.7
21720005,1,27,3
21730001,2,74,2.4
21750001,1,65,2.7
21750002,2,60,2.6
21770001,1,63,3
21770002,2,62,2.5
21780001,1,55,3.7
21780002,2,52,2.9
21790001,2,58,2.9
21800001,1,80,2.8
21800002,2,78,2.7
21830001,1,47,3.4
21830002,2,41,3
21840001,2,31,2.7
21860001,2,64,2.4
21870001,1,56,2.6
21870002,2,54,2.2
21870003,1,22,1.9
21870004,1,21,3.4
21910002,2,81,1.8
21930006,1,79,3
21930007,2,75,2.2
21950001,1,72,2.9
21950002,2,68,2.9
21950004,1,34,2.9
21980001,1,54,3.8
21980002,2,50,3.8
21980003,1,25,3.8
21980004,1,24,3.8
21990001,1,67,3.3
21990002,2,60,3.3
21990003,1,30,3.2
22000001,1,44,3.4
22000002,2,44,2.1
22000003,2,18,2.7
22000004,1,17,1.6
22010001,1,62,2.4
22010002,2,58,2.6
22010003,2,32,1.2
22010004,2,28,2.9
22020001,2,50,3.1
22020002,2,80,2.4
22030001,2,64,2.1
22040001,1,50,3.1
22040002,2,42,2.4
22040003,2,15,3
22050002,2,48,2.7
22050003,2,22,2.6
22050004,1,17,2.6
22060001,1,62,3
22060002,2,60,3
22070001,1,57,3.5
22070002,2,50,3.2
22070003,2,24,2.6
22070004,1,22,3.3
22080001,2,43,3.2
22120001,1,41,2.9
22120002,2,39,2.9
22130001,1,79,2.9
22130002,2,72,2.8
22140001,1,49,2.4
22140002,2,49,2.7
22140003,2,18,2.5
22140004,1,16,2.7
22150001,1,50,2.7
22150002,2,48,2.7
22150003,2,23,2.4
22160001,1,47,2.6
22160002,2,46,2.6
22170001,1,83,2.5
22170002,2,78,2.6
22180002,2,41,2.5
22190001,2,85,3.2
22200002,2,53,2.7
22210001,1,43,3
22210002,2,41,2.8
22220001,1,45,3.1
22220002,2,43,2.9
22220003,2,18,2.9
22230001,2,60,2.3
22230002,1,35,2.7
22240001,1,40,2.9
22240002,2,38,2.4
22240003,2,15,2.9
22250001,1,60,2.5
22250002,2,59,3
22260001,1,70,3
22260002,2,62,3.5
22260003,1,40,3.5
22260004,2,38,3.3
22270001,1,60,3.5
22270002,2,56,3.5
22270003,2,33,3.6
22280001,1,66,3.2
22280002,2,62,2.7
22280003,1,32,3.1
22280004,2,81,2.8
22290001,1,60,2.8
22290002,2,59,2.9
22290003,2,23,2.6
22310001,1,47,2.3
22310002,2,75,3.2
22330001,1,43,2.9
22330002,2,43,2.8
22330003,1,15,2.8
22330004,2,13,2.7
22340001,1,58,2.4
22340002,2,52,3
22340003,1,26,2.2
22340004,2,24,3.2
22350001,1,70,3.7
22350002,2,69,3.1
22350003,2,95,2.9
22360001,1,59,3.2
22360002,2,55,3.3
22360003,1,25,3.2
22360004,2,23,2.7
22380002,2,59,3
22380003,2,24,2.4
22380004,2,32,2.8
22380005,2,30,3.3
22390001,1,65,2.9
22390002,2,64,2.4
22390003,1,39,2.4
22390004,2,35,2.3
22400001,1,39,3.1
22400002,2,39,2.3
22420001,2,60,2.9
22470001,2,58,2.9
22470002,1,30,2.7
22470003,1,85,2.4
22470004,2,86,2.9
22490001,1,77,2.5
22490002,2,73,2.4
22510001,2,75,2.9
22510002,1,43,3
22510003,2,39,3.6
22530001,1,50,3.3
22530002,2,48,3.1
22530003,2,23,3.1
22530004,1,20,3.2
22560001,1,53,2.9
22560002,2,51,3.5
22560003,1,24,3.4
22560004,2,21,3.5
22570001,1,67,2.8
22570002,2,65,2.4
22570005,1,29,3.5
22590001,1,48,3
22590002,2,46,2.9
22590003,1,15,3.3
22590004,2,13,3.3
22600001,1,83,3
22630001,1,75,3.1
22630002,2,70,3
22640001,1,51,2.5
22640002,2,47,2.7
22640003,2,20,2.5
22640004,1,15,2.6
22650001,1,61,2.2
22650002,2,57,2.6
22650003,1,32,3
22650004,2,34,2.7
22660001,1,59,2.5
22660002,2,59,3
22660003,2,27,2.3
22670001,1,42,2.1
22670002,2,38,2.5
22680001,1,52,3.4
22680002,2,48,2
22680003,1,21,2.9
22680004,2,21,2.1
22680005,1,17,3.1
22690001,1,59,2.7
22690002,2,57,2.2
22690003,1,24,3.1
22730001,1,72,2.9
22730002,2,60,2.9
22740002,2,46,3.2
22760001,2,74,2.9
22760003,2,19,3.3
22800001,1,44,3.5
22800002,2,38,3
22810001,1,71,2.7
22810002,2,62,3.2
22810003,2,43,3.1
22810005,2,38,3
22820001,1,35,3.1
22820002,2,38,3
22840001,2,50,3
22840002,1,48,3
22840003,1,75,2
22840004,2,72,2.4
22850001,1,62,2.7
22850002,2,61,2.8
22850004,1,28,2.6
22860001,1,42,2.7
22860002,2,64,2.7
22870001,2,60,3.2
22870003,1,31,3
22870101,1,39,2.7
22870102,2,36,2.9
22880001,1,55,2.8
22880002,2,50,2.8
22880003,1,23,2.9
22880004,2,19,3.1
22910003,1,55,3
22930001,2,73,3
22940001,2,61,2.7
22980002,2,55,2.7
22980003,1,20,2.8
22990003,2,55,2.9
22990004,1,19,2.9
23000001,1,49,3.3
23000002,2,46,2.6
23010001,1,62,2.3
23010002,2,60,2.4
23010003,2,28,2.6
23020001,1,50,3.2
23020002,2,49,2.3
23020003,1,22,3.2
23030001,1,61,2.6
23030002,2,60,2.5
23030003,2,27,2.7
23050001,1,47,2.8
23050002,2,44,2.6
23050003,1,17,2.7
23060002,1,41,3.1
23060003,2,41,2.6
23070001,1,63,2.8
23080001,2,76,2.9
23080003,2,21,3.8
23090001,2,86,2.5
23110001,2,76,2.9
23120001,1,46,2.8
23120002,2,45,2.9
23120003,1,17,2.7
23120004,2,16,2.8
23170001,1,52,2.8
23170002,2,51,2.7
23190001,1,74,2.9
23190002,2,64,2.6
23200001,1,81,2.6
23200002,2,81,2.9
23200003,1,58,2.5
23200004,2,58,2.9
23200005,2,27,2.8
23210001,1,76,2.3
23210002,2,72,2.5
23220001,1,61,2.4
23220002,2,53,2.4
23250002,2,73,2.3
23250004,2,35,2.3
23270001,1,58,2.8
23270002,2,57,2.4
23280001,1,69,2.8
23280002,2,61,2.8
23280003,1,38,3.1
23280004,2,35,2.6
23280005,1,32,3.1
23290001,1,70,2.8
23290002,2,67,2.9
23290003,2,38,2.9
23290004,2,35,3.1
23300001,1,71,3.1
23300002,2,67,2.8
23310001,1,76,3.1
23310002,2,75,2.9
23310003,2,43,2.9
23330001,1,57,3.1
23330002,2,52,2.7
23330003,2,24,3
23330004,2,21,3.1
23340001,1,78,3.1
23340002,2,78,3.1
23350001,1,59,2.4
23350002,2,57,2.4
23390001,1,72,2.4
23390002,2,69,2.4
23390003,1,44,2.4
23400001,1,75,2.1
23400002,2,71,2.2
23470001,1,53,3.1
23470002,2,52,3
23470003,2,23,3.7
23470004,2,17,2.4
23470005,1,15,2.8
23490001,2,81,2.6
23500002,2,51,2.7
23500003,1,25,2.4
23500004,2,24,2.6
23510001,1,46,2.8
23510002,2,44,2.6
23520001,1,67,2.8
23540001,1,62,2.6
23540002,2,66,2.6
23540003,2,25,2.9
23540004,2,24,3.2
23550001,1,75,2.7
23550002,2,71,2.6
23550003,2,15,3.1
23560001,1,73,2.9
23560002,2,70,2.8
23560004,2,41,3.2
23570002,1,32,2.9
23570003,1,30,3.2
23580001,1,66,2.7
23580002,2,65,2.7
23580004,2,32,3
23580101,1,42,2.9
23580102,2,38,2.5
23590001,1,72,3
23590002,2,70,2.8
23600001,2,40,2.9
23600002,1,45,2.7
23610002,2,64,3
23610004,1,28,3.1
23620004,2,31,2.6
23630001,1,56,2.6
23630002,1,28,2.8
23650002,2,85,2.8
23660001,1,57,2.5
23660002,2,47,2.4
23670001,2,73,2.5
23680003,2,25,2.6
23690001,1,69,2.7
23690002,2,62,2.7
23700001,1,55,3.2
23700002,2,52,3.3
23730001,1,47,2.7
23730002,2,48,3.1
23730003,2,16,3.3
23740001,1,49,3.1
23740002,2,45,2.7
23740003,2,14,2.5
23760001,1,40,2.9
23760002,2,40,3
23770001,1,62,3.2
23770002,2,60,3.5
23770003,1,33,3.2
23780001,1,79,3.3
23780002,2,74,3.3
23790001,1,55,2.8
23790002,2,55,2.6
23790003,1,28,2.8
23790004,1,26,2.7
23820001,2,72,2.6
23820002,1,42,3
23840001,1,68,3.1
23840002,2,65,2.4
23850001,1,71,3.1
23850002,2,75,2.8
23860001,1,73,2.6
23860002,2,72,2.8
23860101,1,44,2.9
23860102,2,42,3.4
23910001,2,83,2.6
23920001,2,72,2.6
23940001,1,51,2.8
23940002,2,75,2.7
23960001,1,44,3.2
23960002,2,42,3.4
23970001,1,62,3.3
23970002,2,58,3.4
23970003,1,36,3.3
23980001,1,62,3.3
23980002,2,58,3.3
24010001,1,53,3.4
24010002,2,47,3.2
24010003,2,26,3.5
24010004,2,23,3.2
24010005,1,14,2.9
24030001,2,86,2.4
24040001,1,53,3
24040002,2,49,3.2
24060001,1,60,3.3
24060002,2,57,3.4
24060004,2,27,3.6
24060005,1,20,3.2
24070001,2,72,3.3
24080001,1,50,2.4
24080002,2,45,3.5
24080004,1,16,2.8
24110002,2,50,2.8
24110003,1,23,3.8
24110004,1,19,3.8
24110005,1,25,2.5
24130001,1,53,1.8
24130002,2,51,2.9
24130003,2,20,2.1
24140001,1,49,3
24140002,2,46,2.7
24140003,1,17,2.9
24150001,1,60,2.8
24150002,2,58,2.5
24150003,2,28,3
24150004,1,25,3.3
24190002,2,56,2.3
24200001,1,35,3.2
24200002,2,38,2.7
24220001,1,54,2.2
24220005,2,83,1.8
24230001,1,79,2.7
24230002,2,72,2.7
24250001,1,45,2.1
24250002,2,45,2.3
24260001,1,64,2.6
24270001,1,67,2.4
24270002,2,65,2.5
24280001,1,54,3.2
24280002,2,48,2.9
24280004,2,21,2.2
24280005,1,20,2.8
24300001,1,62,2.6
24310001,2,62,2.7
24340002,2,66,2.9
24350001,1,41,2.8
24350002,2,39,2.9
24360002,2,64,2.8
24360003,2,35,2.8
24370001,1,60,3.2
24370002,2,58,2.9
24370003,1,27,3.5
24370004,1,25,3.2
24380001,1,62,2.7
24380002,2,53,2.9
24390001,1,42,2.9
24390002,2,41,3.2
24400001,2,46,3.1
24400002,2,27,3.2
24410101,1,37,3
24410102,2,37,2.8
24420003,1,37,3.1
24420005,2,36,3.1
24450001,1,61,2.6
24450002,2,54,2.3
24450003,2,21,2.5
24470001,1,59,2.8
24470002,2,55,3
24470004,1,29,2.8
24480001,2,38,3.6
24490001,2,54,3.3
24490002,1,22,2.9
24510001,2,57,3.4
24510002,1,60,3
24520003,1,65,3.3
24520004,2,59,3.4
24520005,1,32,3.3
24530001,1,71,3.4
24540001,1,78,2.2
24540002,2,72,2.4
24580001,1,56,2.5
24580002,2,53,2.6
24580003,1,22,2.7
24590001,1,45,3.5
24600001,2,68,3.3
24600002,1,42,3.4
24610001,1,55,3.4
24610002,2,55,2.4
24670001,1,40,3.2
24670002,2,38,2.8
24680001,2,85,2.8
24680002,1,64,3.1
24690001,1,66,3.2
24690002,2,61,3
24700001,1,44,3.1
24700002,2,41,3
24700003,1,14,2.4
24710002,2,49,2.5
24710004,2,14,2.3
24710005,2,13,2.6
24730002,2,44,3.2
24730003,1,18,2.3
24730004,1,13,2.9
24740001,1,45,2.8
24740002,2,42,3.1
24750001,2,47,2.7
24750002,1,46,3.2
24750003,1,14,3
24770001,1,55,2.3
24770002,2,51,2.6
24770003,2,21,3.2
24780001,1,48,2.2
24780002,2,44,3
24780003,2,16,2.6
24780004,2,14,3.2
24790001,2,76,2.7
24830001,1,48,2.7
24830002,2,46,3.2
24830003,2,22,3.3
24830004,2,20,3.7
24840001,1,74,3
24840002,2,71,2.8
24840101,1,43,2.8
24840102,2,43,3.1
24840103,2,14,3
24850001,1,60,3
24850002,2,59,2.9
24860001,1,50,3.3
24860002,2,47,3
24860003,2,21,2.7
24860004,1,13,3.1
24890001,1,68,2.8
24890002,2,69,2.4
24890003,1,30,3.1
24910001,1,63,2.4
24910002,2,31,2.8
24920001,1,80,2.8
24930003,1,24,2.8
24930004,2,85,2.6
24940003,1,30,2.5
25000001,1,49,2.9
25000002,2,76,2.5
25010001,1,53,2.9
25010002,2,52,3.1
25010003,1,89,2.6
25010004,2,24,3.1
25010005,1,18,3
25020001,1,72,2.6
25020002,2,67,2.6
25020101,1,39,2.2
25020102,2,36,2.3
25030001,1,81,2.6
25030002,2,73,2.9
25040001,1,71,3
25040002,2,71,2.5
25060001,2,50,2.6
25060002,2,24,2.7
25070001,1,59,3.6
25070002,2,58,3.2
25070003,2,28,2.8
25070004,2,24,2.4
25100001,1,40,3.3
25100002,2,40,2.7
25100003,2,19,2.8
25100004,1,17,2.8
25100005,2,15,2.7
25150001,2,49,3.1
25150002,1,22,2.7
25150003,1,20,2.5
25180001,1,52,2.4
25180002,2,50,2.6
25180003,1,25,2.4
25180004,2,22,2.4
25210001,1,51,3
25210002,2,48,3
25210003,2,17,2.4
25210004,1,20,2.8
25240001,1,40,2.5
25240002,2,39,2.7
25240003,2,14,2.4
25250001,1,49,2.2
25250002,2,49,2.8
25250003,1,20,3.4
25250004,2,17,2.3
25260001,1,55,3.2
25260002,2,51,2.3
25260003,1,26,2.4
25260004,2,24,3.8
25260005,2,22,3.8
25270001,1,53,2.4
25270002,2,49,2.4
25270003,2,22,2.3
25280001,1,52,2.2
25280002,2,56,2.4
25280003,1,19,3
25300001,2,58,2.8
25300002,2,31,3.5
25320001,1,73,2.9
25320002,2,65,2.3
25320003,2,42,2.7
25320004,1,40,2.1
25330001,1,50,2.4
25330002,2,48,3.3
25330004,1,78,3.2
25330005,2,74,3
25340002,2,48,2.2
25350001,1,41,2.3
25350002,2,41,2.5
25360001,1,40,3.4
25370001,1,57,3.2
25370002,1,20,3.5
25480001,2,31,2.4
25480002,2,29,2.5
25490001,1,55,2.3
25490002,2,54,3.6
25490003,2,21,2.7
25500001,2,51,2.4
25500002,1,25,2.6
25550001,1,53,2.6
25550002,2,51,2.6
25550003,2,19,2.8
25550004,2,16,2.3
25560001,1,40,2.9
25570001,1,58,3.6
25570002,2,48,3.6
25570003,1,19,3.4
25570004,1,15,3.4
25580001,2,41,3
25610001,1,63,2.5
25610002,2,58,2
25610003,1,36,3
25610004,1,31,2.9
25640001,1,52,3.4
25640002,2,49,2.5
25640003,1,20,3.6
25650001,2,89,2.4
25660002,2,78,2.6
25660003,1,57,3
25660004,2,56,2.8
25660007,2,23,3.1
25660008,1,18,3
25660009,1,14,2.9
25670001,2,48,3.1
25680001,1,46,3
25680003,2,26,3.2
25690001,2,57,2.8
25700001,2,87,2.8
25710001,2,36,3.1
25720001,1,58,2.8
25720002,2,54,2.8
25720004,2,30,2.9
25730001,1,39,3.1
25740001,1,87,3.3
25740002,2,78,3.4
25760001,1,83,2.6
25760002,2,78,2.8
25770002,2,77,2.9
25780001,1,90,3
25780002,2,87,3.1
25780003,1,50,2.8
25790001,1,38,3.1
25800002,2,80,2.6
25810001,1,50,3.6
25810002,2,45,3
25810003,2,20,2.7
25810004,2,18,3.3
25820001,1,88,2.6
25820002,2,84,2.8
25840001,1,84,2.7
25840002,2,81,2.6
25850001,1,65,3
25860001,1,85,2.4
25880001,1,50,2.9
25880002,2,44,3.1
25880003,2,19,3
25880004,1,16,3.2
25890001,2,86,2.4
25900001,1,56,3
25900002,2,51,2.5
25900004,1,28,3.3
25910001,1,60,3.3
25910002,2,54,3.2
25920001,1,58,3.6
25920002,2,50,3.4
25930001,1,42,2.8
25930002,2,41,2.9
25940001,1,79,2.7
25940002,2,76,3
25950001,1,48,3.3
25950002,2,44,3
25950003,1,17,3
25970004,2,34,3.1
25970005,2,31,2.4
25980001,1,62,3
25980002,2,56,3.1
25980003,2,31,3.2
25990001,2,88,2.5
26000001,1,51,3.2
26000002,2,44,3.4
26020002,2,67,2.7
26020003,1,44,2.5
26030001,1,58,3.1
26030002,2,56,2.7
26030003,1,31,2.5
26030004,1,17,2.6
26040001,1,60,3.1
26040002,2,61,3
26040003,2,20,3.1
26060001,1,69,2.7
26060002,2,66,2.7
26070001,1,40,3.1
26090001,2,60,3.2
26090002,1,63,2.9
26090003,2,82,2.4
26090005,1,24,3.5
26100001,1,63,2.6
26100002,2,55,3.1
26100003,1,30,2.9
26100004,2,27,2.9
26120001,2,30,3
26130001,1,82,2.9
26130002,2,76,3.1
26150001,1,52,3.1
26150002,2,48,2.8
26150003,2,22,3.2
26160001,1,56,3
26160002,1,22,2.7
26160003,1,19,2.9
26190001,2,92,2.4
26190002,1,65,2.8
26230001,2,46,3.2
26230002,1,48,3.3
26240001,1,54,3
26240002,2,52,2.8
26240003,2,25,3.2
26240004,2,24,3.1
26250001,1,67,2.4
26250002,2,62,2.5
26280001,1,56,3.5
26280002,2,51,3.5
26280003,2,28,3.3
26280004,2,26,3.4
26280005,1,24,2.6
26290001,1,59,3.1
26290002,2,54,2.9
26290003,2,28,3.6
26290004,2,26,3.1
26290005,1,24,2.8
26300001,1,59,3.2
26300002,2,56,2.4
26300003,1,20,2.6
26300004,1,19,2.3
26320001,1,82,2.4
26340001,1,40,2.3
26340002,2,38,3.2
26340003,1,14,2.5
26350001,2,59,2.3
26360001,1,66,3.3
26360002,2,65,3.5
26360003,1,28,3.2
26370002,2,76,2.7
26370003,1,53,3.7
26370004,2,49,3.5
26370005,2,25,3.7
26370006,1,21,3.3
26410001,1,40,3.3
26410002,2,39,3.3
26410003,2,13,3.1
26420001,2,65,3.5
26420002,2,37,2.8
26420003,1,38,2.5
26430001,1,93,2.7
26430002,2,84,2.6
26440001,1,70,2.9
26440002,2,67,3.1
26470001,1,65,3.1
26470002,2,58,3.3
26470003,2,25,3.2
26480001,1,65,3.4
26480002,2,59,3.2
26490001,1,68,3.2
26490002,2,65,3.2
26500001,1,61,3.2
26500002,2,58,2.8
26510001,1,77,2.8
26510002,2,75,2.7
26520001,2,55,3.1
26520002,1,57,2.9
26520004,2,29,3
26530001,1,54,3.2
26530002,2,53,3
26530003,2,19,2.9
26530004,1,16,2.7
26540001,2,55,3.2
26540002,2,28,3
26540003,2,22,3.2
26550001,1,57,3.3
26550002,2,54,3.1
26550003,1,27,3.2
26570001,2,88,2.4
26580001,1,82,2.8
26590001,2,78,2.4
26590002,2,36,2.8
26600001,1,58,3.2
26600002,2,57,3.2
26600003,1,27,3.3
26600004,2,24,3.2
26610001,1,58,3.1
26610002,2,56,3.1
26610003,1,31,3.1
26620001,2,73,2.8
26620002,2,38,2.8
26630001,1,63,2.9
26630002,2,61,3.1
26630003,1,32,3.5
26640001,1,43,3.2
26640002,2,42,3.2
26640003,1,13,3.2
26650001,1,39,3.2
26650002,2,37,3.2
26660001,1,65,2.9
26660002,2,63,3
26660003,2,33,3.3
26700001,1,55,3.3
26700002,2,53,3.3
26700003,2,27,3.4
26700004,1,22,3.2
26710001,1,49,2.8
26710002,2,48,2.8
26720001,1,54,3.1
26720002,2,51,3.1
26730001,1,57,3.2
26730002,2,52,3.2
26730003,1,24,3.2
26730004,2,22,3.2
26740001,2,43,2.9
26740002,2,73,2.7
26750001,1,59,2.9
26750002,2,57,2.9
26750003,2,27,3.3
26750004,2,26,3.3
26750005,2,22,3.3
26770001,1,48,2.5
26770002,2,41,2.4
26770003,2,14,2.4
26770005,2,65,2.8
26780001,2,58,2.4
26790001,1,59,3
26790002,2,59,2.8
26790003,1,26,3
26790004,1,26,3.2
26790005,2,22,2.6
26800001,1,57,2.6
26800002,2,55,2.7
26800003,2,29,2.6
26800004,2,26,2.4
26800005,1,24,2.7
26810001,1,56,2.5
26810002,2,52,2.5
26810003,1,26,2.7
26810004,1,24,2.5
26810005,2,22,2.6
26820001,1,64,3.2
26820002,2,63,3
26830001,1,60,1.5
26830002,2,59,2.5
26830003,2,33,2.8
26830004,1,31,3
26840001,1,80,3
26840002,2,78,2.6
26850001,1,55,2.8
26850002,2,52,2.9
26850003,2,24,2.6
26850004,1,22,2.6
26870001,1,59,3.2
26870002,2,59,3.1
26870003,1,26,3.2
26870004,1,26,3.6
26870005,2,22,2.7
26880001,1,52,3.7
26880002,2,47,3.3
26880003,2,18,3.4
26880004,2,17,3.8
26890001,1,72,2.5
26890002,2,60,2.4
26890003,2,35,2.2
26900001,1,60,2.9
26900002,2,60,2.9
26900003,2,32,3.6
26900004,1,28,3.4
26910001,1,59,2.4
26910002,2,58,2.6
26910003,1,24,3.1
26930001,1,83,2.5
26930002,2,78,2.8
26950001,1,66,3.4
26950002,2,61,2.7
26960001,1,43,2.4
26960002,2,41,2.1
26960004,2,64,2.4
26960101,1,38,2.4
26960102,2,38,2.2
26980001,1,61,3.2
26980002,2,57,3.1
26980102,2,32,3.7
26990001,1,76,3.6
26990003,2,48,3.6
27000002,2,39,2.4
27010001,1,61,2.8
27010002,2,57,2.7
27010003,2,27,3.4
27010005,2,30,3.2
27020001,1,61,3.2
27020002,2,58,3.2
27020004,1,26,2.3
27030001,1,64,3.1
27030002,2,62,3.1
27040001,1,57,3.2
27040002,2,57,2.8
27040003,2,28,3.3
27050001,1,47,3.3
27050002,2,43,3.3
27050003,2,18,3.3
27050004,2,15,3.3
27060001,1,53,3.4
27060002,2,47,3.4
27070001,1,64,3
27070002,2,61,3
27080001,1,56,2.3
27080002,2,56,2.2
27090002,2,55,2.4
27100002,2,54,2.5
27110002,2,47,2.6
27120004,2,31,2.4
27130001,1,54,3.1
27130002,2,47,2.4
27140001,1,59,2.3
27140002,2,60,2.4
27140003,2,32,2.4
27150001,1,56,3.5
27150002,2,51,3.2
27160003,2,28,2.4
27190001,1,59,2.5
27190002,2,50,2.7
27190003,2,28,2.7
27190004,2,27,2.5
27190005,2,25,2.6
27190006,1,24,2.6
27210001,1,58,2
27210002,2,57,3.9
27210003,2,28,3.9
27210004,1,20,3.1
27210005,2,30,3.9
27220001,1,60,3.1
27220002,2,60,2.9
27220003,2,33,3
27220004,1,31,2.7
27230001,1,55,2.5
27230002,2,53,2.3
27230003,1,28,3.5
27230004,2,27,3.2
27270001,2,60,2.6
27270002,2,96,2.4
27300001,2,39,2.8
27300002,2,18,2.8
27300004,1,35,2.7
27300005,1,66,3.3
27300006,2,62,2.9
27300101,2,41,3.2
27300102,1,39,2.9
27320001,1,62,2.8
27320002,2,55,2.3
27330001,1,72,2.9
27330002,2,65,2.7
27330003,1,38,2.5
27370001,1,84,3.1
27370002,2,80,3.2
27380001,1,41,3.3
27380002,2,40,3.1
27380003,2,13,3.5
27410001,1,70,2.6
27410002,2,58,2.6
27410003,1,36,2.5
27450002,2,32,3.1
27470001,1,45,2.8
27470002,2,44,2.7
27470003,1,19,3
27470004,1,14,3.2
27480002,2,48,2.5
27480003,1,17,2.4
27480004,1,16,2.8
27490001,1,40,2.4
27490002,2,40,2.4
27490003,2,14,2.5
27500001,1,44,2.6
27500002,2,39,3.5
27500003,2,17,3.7
27500004,1,15,3.3
27530001,1,47,3.5
27530002,2,44,3.3
27530003,1,15,3.5
27540001,1,52,2.4
27560001,1,46,2.6
27560002,2,41,3.3
27560003,1,13,3.3
27570001,1,53,2.7
27570002,2,53,3.7
27570003,2,25,2.7
27570004,2,23,3.4
27570005,2,21,2.8
27600001,1,55,3.3
27600002,2,51,3
27600003,2,25,3.1
27600004,2,24,3.1
27610001,2,77,2.8
27630001,2,81,2.8
27640001,1,55,3
27640002,2,55,3
27640003,1,28,2.3
27640004,2,22,3
27650001,2,67,2.5
27650002,1,68,2.4
27650003,1,42,2.4
27660001,1,50,2.8
27660002,2,45,3.1
27660003,1,18,3.1
27660004,1,16,3.3
27670001,1,59,3.1
27670002,2,55,2.9
27670003,2,30,3.8
27670005,2,92,2.4
27680002,2,44,2.3
27690001,1,66,2.4
27690002,2,62,2.4
27710001,1,57,2.9
27710002,2,56,2.7
27710003,1,29,1.9
27710004,2,26,3.3
27720001,1,53,3.3
27720002,2,49,3.2
27720003,1,23,2.9
27720004,1,20,3
27750001,1,50,3.1
27750002,2,50,2.3
27750003,2,22,3.2
27750004,1,19,3.5
27770001,1,57,2.6
27770002,2,54,3
27770003,1,32,2.9
27770004,2,29,3.3
27780001,1,35,3.3
27790002,1,32,2.4
27790003,2,30,3.2
27810001,1,45,2.9
27810002,2,43,3.1
27810003,2,19,3.7
27810004,1,16,3.8
27810005,1,13,3.4
27820001,2,67,2.6
27850001,1,29,2.3
27860001,1,46,3.3
27860002,2,42,2.8
27870001,1,46,3.3
27870002,2,52,2.2
27880001,1,54,2.5
27880002,2,52,3.1
27880003,2,19,2.4
27890001,2,45,2.9
27900001,1,46,3.3
27900002,2,44,3.3
27910003,2,26,3.3
27920001,1,45,3.1
27920002,2,92,2.3
27930001,1,54,3
27930002,2,51,3.3
27940001,1,59,3.6
27940002,2,53,2.8
27940003,2,29,3.1
27940004,2,27,1.8
27960001,1,71,3.8
27960002,2,68,3.7
27960003,1,44,3.7
27970001,1,72,3.4
27970004,1,42,3.7
27990001,1,62,3.8
28000001,1,68,3.7
28000002,2,64,3.8
28000003,1,36,3.6
28010001,1,44,3.8
28010002,2,38,3.8
28030001,2,55,3.8
28030004,1,20,3.8
28030005,2,84,2.6
28040001,2,56,3.2
28050001,1,40,3.7
28050002,2,40,3.8
28050003,1,15,3.8
28050004,2,13,3.8
28060001,1,65,3.7
28060002,2,62,3.7
28070001,1,53,3.8
28070002,2,46,3.8
28070004,1,19,3.8
28080001,1,59,3.8
28080002,2,53,3.7
28080004,1,18,3.8
28090001,1,40,3.8
28090002,2,43,3.7
28110001,1,50,3.8
28110002,2,51,3.8
28120001,1,81,3.2
28120002,2,77,3.3
28130001,1,68,3.8
28130002,2,68,3.8
28130003,2,37,3.9
28140001,1,49,3.7
28140002,2,50,3.8
28140003,1,17,3.8
28140004,1,14,3.9
28160001,1,46,3.8
28160002,2,46,3.9
28160004,1,20,3.9
28160005,1,13,3.9
28170002,2,65,2.6
28180001,2,82,2.8
28210001,1,52,2.4
28210002,2,48,2.4
28210003,1,22,3.6
28210004,1,18,2.9
28260001,1,62,3.9
28260002,2,53,3.8
28260003,2,22,3
28260004,2,20,3.5
28280001,1,62,2
28280002,2,54,2.8
28280003,2,28,3
28280004,1,25,3.2
28290002,2,63,2.4
28290004,1,26,2.9
28300001,1,61,2.4
28300002,2,55,3
28300003,1,28,2.5
28300004,1,26,2.2
28300005,2,82,2.6
28310001,1,54,2.6
28310002,2,53,2.9
28310003,1,19,3
28320001,1,50,3.6
28320002,2,47,3.6
28320003,1,15,3.6
28330001,1,61,2.8
28330002,2,51,3.6
28330004,1,24,2.6
28340001,1,62,2.4
28340002,2,56,2.5
28340003,1,34,2.3
28350003,2,30,2.3
28370001,1,59,3.6
28370002,2,56,3.7
28370003,2,29,2.8
28370004,1,26,3.2
28430001,2,57,3.3
28430002,1,60,3.7
28430004,2,91,2.8
28480002,1,40,2.6
28480003,2,38,2.9
28500001,1,46,2.6
28500002,2,46,3.2
28500004,2,14,3
28520001,2,79,2.9
28540001,2,74,2.7
28540002,1,39,2.5
28570001,1,48,2.7
28570002,2,48,2.9
28570003,1,13,3.1
28580001,1,56,3.1
28580002,2,55,3.2
28580003,2,29,2.6
28580004,1,27,3
28580005,1,21,3
28590001,2,51,2.2
28590002,2,27,2.1
28590003,1,25,2.5
28590004,1,79,2.3
28590005,2,81,2.4
28600001,1,52,3.2
28600002,2,50,2.8
28600003,1,27,3.2
28600004,1,25,2.8
28600005,1,22,3.4
28610001,1,56,3.8
28610002,2,56,3.4
28610003,2,25,2.4
28610004,2,23,2.4
28620001,1,51,2.5
28620002,2,51,2.7
28620003,2,24,3.1
28620004,2,21,2.9
28630001,1,49,2.4
28630002,2,49,3.6
28630003,2,15,2.4
28630004,2,16,2.6
28630005,1,80,2.8
28630006,2,77,2.7
28640001,1,45,3.9
28640002,2,45,3.9
28640003,1,13,3.9
28680001,1,83,2.7
28690001,1,64,3.8
28690002,2,62,3.7
28710001,1,54,2.2
28710002,2,50,2.5
28710003,2,24,2.3
28710004,1,23,3.3
28780001,1,48,3.8
28780002,2,48,3.9
28780003,2,16,3.9
28780004,2,13,3.8
28790001,1,88,2.6
28790002,2,81,3.4
28800001,2,90,3
28800002,1,55,3.6
28820001,1,60,3.6
28820002,2,54,3.7
28820003,1,32,3.8
28820004,2,30,3.8
28850001,1,53,3.7
28850002,2,51,3.8
28870001,1,56,3.8
28870002,2,53,3.8
28870005,1,20,3.8
28890001,1,72,3.8
28890002,2,72,3.8
28900001,1,82,2.8
28900002,2,56,2.9
28910002,2,74,2.1
28930001,1,48,2.3
28930002,2,44,2.4
28930003,2,17,2.2
28930004,1,14,2.6
28940001,1,46,2.8
28950001,1,48,3.3
28950002,2,43,3.4
28960001,1,63,3
28960002,1,37,3
28990001,1,42,3.1
28990002,2,42,3.2
29000001,1,84,2.4
29000002,2,86,3
29010001,1,50,2.4
29010002,2,43,3.1
29010003,2,18,3.1
29020001,2,80,2.3
29040001,2,69,2.2
29100001,2,53,2.8
29100002,2,28,2.9
29100003,1,63,1.8
29100004,1,26,2.8
29150001,2,53,3.2
29150002,2,27,3.1
29150003,1,23,3
29150004,1,29,2.7
29150005,1,57,3.4
29170001,1,51,2.6
29170002,2,47,2.6
29170003,2,24,3.4
29170004,2,21,3.3
29170005,1,16,3.4
29180001,1,41,3.4
29180002,2,40,3.2
29220001,1,58,2.7
29220002,2,54,3.2
29220003,1,25,3.3
29220004,2,24,3.1
29250001,1,51,3.1
29250002,2,49,3.2
29250003,1,22,2.3
29250004,1,20,3.5
29270001,1,57,2.7
29270002,2,58,2.9
29270003,2,26,3.2
29270004,1,24,3.7
29300001,1,34,3
29300002,2,33,2.4
29330001,1,53,2.6
29330002,2,46,2.7
29340001,1,57,2.6
29340002,2,55,2.6
29340004,2,24,2.8
29420001,2,85,3.1
29430001,1,65,2.7
29430002,2,58,3
29430003,1,32,3.3
29450001,2,83,2.5
29450002,2,37,2.4
29470001,2,82,2.8
29490001,1,43,3.3
29490002,2,43,2.7
29490003,1,14,3.3
29500001,1,49,3
29500002,2,50,3.6
29500003,2,23,2.7
29500004,2,13,2.4
29510001,1,54,2.7
29510002,2,53,3
29510003,1,17,3.2
29530001,1,56,2.8
29530002,2,51,3.1
29530003,1,26,3.2
29530004,1,17,2.4
29540002,2,58,2.5
29540004,1,20,2.6
29550001,1,83,2.5
29550003,1,46,2.5
29560001,1,51,2.7
29570001,1,54,3.2
29570002,2,50,3.1
29570003,1,21,3.2
29570004,1,19,2.6
29580001,1,54,3.7
29580002,2,51,3.5
29580003,2,24,3.3
29580004,1,22,3.6
29600001,1,47,3.4
29600002,2,44,2.9
29620001,1,46,3.4
29620002,2,40,3.6
29640001,1,63,2.3
29640002,2,63,2
29640003,2,37,2.6
29650002,2,52,2.1
29660001,1,73,2.7
29660002,2,71,2.5
29670001,1,67,2.8
29670002,2,59,2.8
29690001,1,73,2.8
29690002,2,66,2.5
29690003,1,41,2.7
29690004,1,38,2.9
29700002,2,66,2.8
29700003,2,34,2.8
29700004,2,32,3.4
29720001,1,54,3.1
29720002,2,43,3
29720003,1,16,2.8
29720004,1,13,2.8
29740001,1,47,2.5
29740002,2,45,3
29740003,1,18,2.8
29750001,1,48,3.3
29750002,2,48,2.6
29760001,1,57,2.4
29770002,2,87,2.7
29780001,1,59,2.7
29780002,2,51,2.3
29780003,1,25,2.8
29800002,2,60,3.1
29800004,1,29,2.7
29810001,1,53,2.9
29810002,2,49,2.3
29810003,2,24,3.3
29810004,1,20,2.4
29820001,1,54,2.4
29820002,2,53,2.7
29820003,2,21,2.9
29830001,2,78,3
29830002,1,50,2.8
29830003,1,23,3.1
29840001,2,46,2.6
29840002,1,45,2.8
29840003,1,15,2.6
29850001,1,49,2.4
29850002,2,47,2.4
29850003,1,20,2.6
29850004,2,17,2.6
29860001,1,47,2.7
29870001,2,47,3.1
29870002,2,47,2.6
29880001,1,60,2.7
29880002,2,57,2.9
29880003,1,29,3.2
29880004,1,27,3.4
29890001,1,54,3.3
29890002,2,52,2.3
29890003,2,26,2.4
29900001,1,48,2.8
29900002,2,44,2.6
29920001,2,54,3.3
29920002,1,57,3.8
29920003,2,26,2.4
29930001,1,45,3.8
29930002,2,46,3.7
29930003,1,18,3.8
29930004,1,15,3.7
29940001,1,58,3.4
29940002,2,54,2.9
29960001,1,42,2.8
29960002,2,42,3.7
29960003,2,16,3.1
29970001,1,46,3.2
29970002,2,41,3.2
29970003,1,15,3
29970004,1,13,3.3
29980001,1,59,3.4
29980003,1,31,2.8
29980004,2,27,3.2
29980005,1,17,3.4
29990001,1,43,2.9
29990002,2,43,3.2
29990003,2,15,3.7
29990004,2,14,3.2
30010001,1,59,3.7
30010002,2,56,3
30010004,2,27,2.8
30020001,1,52,2.5
30020002,2,51,2.7
30030001,1,53,2.6
30050001,1,37,2.9
30080001,2,55,2.9
30090001,2,47,3.5
30090002,1,53,2.4
30090003,2,19,2.8
30090004,2,18,2.8
30100001,2,72,3.1
30100002,1,40,3.4
30130001,1,43,2.4
30130002,2,43,2.6
30130003,1,15,2.8
30140001,1,56,2.6
30140002,2,52,2
30140003,2,27,2.9
30140004,1,23,2.8
30160001,1,84,2.8
30160002,2,79,2.9
30190001,1,84,2.9
30190002,2,74,2.9
30210001,1,51,2.7
30210002,2,51,2.5
30210003,2,22,3.6
30210004,1,19,2.9
30240001,1,68,2.9
30240002,2,63,2.4
30240101,1,40,2.3
30240102,2,39,2.5
30290001,2,85,2.8
30330001,1,96,2.6
30330002,2,89,2.9
30360001,1,68,2.6
30360002,2,67,2.7
30360004,1,34,2.9
40010001,1,62,3.1
40020001,1,75,2.9
40020002,2,71,3.1
40040001,1,57,2.4
40040002,2,57,2.9
40050001,1,54,2.8
40050002,2,48,2.8
40050003,2,13,3.1
40060001,1,47,2.6
40060002,2,46,2.3
40070001,2,66,2.7
40070002,1,69,2.9
40070003,1,40,2.7
40080001,2,44,3.1
40080002,1,46,3
40100001,2,32,3
40110001,1,54,2.7
40110002,2,54,2.5
40120001,1,46,2.8
40120002,2,46,2.7
40130001,2,72,3.2
40140001,1,48,2.4
40140002,2,48,1.8
40160001,1,51,3.2
40170001,2,60,3.2
40180001,2,64,2.8
40190001,1,66,2.5
40190002,1,37,2.4
40190003,2,31,2.1
40200001,1,59,3
40200002,2,59,2.7
40200003,2,25,2.8
40210001,2,65,2.6
40220001,2,60,2
40220002,1,63,2.7
40220003,2,32,2.4
40220004,2,31,2.5
40230001,1,62,2.8
40230002,2,67,3
40230003,2,32,3.1
40230004,2,28,3.4
40240001,1,50,3
40240002,2,46,3
40280001,2,57,2.8
40290001,1,47,3.1
40290002,2,45,2.8
40300001,2,55,2.8
40300002,2,91,2.6
40310001,1,48,2.7
40310002,2,44,2.7
40310003,1,14,3
40320001,1,52,3
40320002,2,51,3
40330001,2,85,2.8
40340001,1,49,3
40340002,2,44,2.8
40350001,1,41,2.9
40350002,2,42,2.7
40360001,2,63,2.7
40360002,2,36,3.1
40370001,1,45,2.9
40370002,2,45,3.2
40380001,1,79,3
40380002,2,72,2.2
40390001,1,62,3.2
40390002,2,58,3.3
40400002,2,63,2.7
40400003,2,31,3.1
40400004,1,27,2.6
40410001,1,72,2.8
40410002,2,70,3
40420001,2,36,3
40420002,1,33,3
40430001,1,40,2.3
40430002,2,40,3.3
40440001,1,46,3
40440003,2,75,3.1
40450001,1,54,3.1
40450002,2,54,3.2
40450003,2,24,3.2
40450004,1,21,3.2
40460004,2,42,2.8
40490001,1,78,2.9
40490002,2,76,2.8
40500001,1,67,3.4
40500002,2,61,2.4
40500003,2,38,2.7
40520001,1,60,2.9
40520002,2,58,3.1
40530001,1,44,2.5
40530002,2,46,2.4
40530003,2,77,2.4
40540001,1,67,2.5
40540002,2,66,2.8
40550001,1,53,2.9
40550002,2,53,2.9
40550003,2,20,3.1
40550004,1,18,2.9
40560001,1,68,2.9
40560002,2,66,3
40570001,1,38,2.5
40580001,1,72,2.9
40580002,2,71,2.8
40600001,2,69,2.8
40600002,1,31,2.6
40610001,1,60,3.3
40610002,2,60,3.1
40610004,1,30,2.7
40620001,2,71,3.1
40640001,1,74,2.9
40640002,2,71,2.8
40710001,1,67,2.7
50010001,1,74,3
50010002,2,69,3
50020001,1,47,3.2
50020002,2,45,3.2
50020003,1,16,3.2
50020004,1,13,3.2
50030001,1,54,2.9
50030002,2,51,2.9
50030003,2,27,3.8
50030004,1,23,3.7
50050001,1,56,3.2
50050002,2,55,3.2
50060002,2,81,3
50080001,1,84,3
50080002,2,79,3
50090001,2,60,3
50090002,1,34,3.2
50100002,2,81,2.9
50110001,1,39,3.1
50110002,2,38,3.1
50120001,1,50,3.1
50120002,2,49,3.1
50130001,1,69,2.9
50130002,2,61,2.9
50170001,1,69,3
50170002,2,64,3
50170003,2,97,3.4
50170004,2,41,3.3
50170005,1,38,3.3
50180001,1,64,3.1
50180002,2,62,3.1
50190001,1,81,3
50190002,2,77,3
50200002,2,74,3.3
50210001,2,80,3.3
50220001,2,82,3.3
50230001,1,66,3.3
50230002,2,60,3.1
50230003,1,41,3.3
50230004,2,40,3.3
50240002,2,83,3.1
50260001,1,62,3.2
50260002,2,63,3.2
50260003,2,36,3.4
50260004,2,33,3.4
50280001,1,78,3.1
50280002,2,73,3.1
50300001,1,69,3.4
50300002,2,65,3.3
50320001,1,48,2.4
50320002,2,53,2.3
50320003,1,20,2.2
50320004,1,80,2.3
50320005,2,73,2.4
50330001,1,57,2.9
50340001,1,55,3.2
50340002,2,51,3
50340003,1,26,3.2
50340004,2,25,2.3
50350001,1,57,3.2
50350002,2,53,3.2
50350003,2,26,3
50350004,2,24,3
50360001,1,56,3.3
50360002,2,53,3.3
50360003,1,25,3
50360004,1,23,3.4
50380001,1,52,3.1
50380002,2,17,2.3
50390001,2,39,3.1
50390002,1,42,3.2
50400001,1,50,2.8
50400002,2,45,3.2
50400003,1,15,3.1
50410001,1,45,2.7
50410002,2,41,3.4
50410003,1,14,3.4
50420002,1,32,3.2
50430001,1,59,3.4
50430002,2,57,2.2
50430003,1,31,2.4
50430004,1,33,2.3
50440001,2,48,2.4
50440003,2,21,2.4
50440004,1,19,2.3
50450001,1,63,2.8
50450002,2,58,3.4
50460001,1,41,3.2
50460002,2,41,3.2
50470001,1,64,2.9
50470002,2,60,2.6
50470004,1,33,2.8
50490002,2,61,2.7
50490003,1,33,2.7
50490004,2,32,2.5
50490005,2,66,2.3
50500001,2,66,3.1
50500002,1,40,3.4
50500003,2,34,2.8
50510001,1,71,2.5
50510002,2,62,2.7
50520001,1,64,2.6
50530002,1,78,2.3
50530003,2,79,2.6
50540004,1,29,2.9
50550001,1,72,2.8
50550002,2,71,2.7
50550003,1,42,2.8
50570002,2,46,3.2
50580002,2,54,3.2
50590002,2,52,3.1
50600001,1,73,3
50620002,2,71,2.6
50630001,2,68,2.3
50640002,2,56,3.3
50660001,1,71,3.1
50660002,2,70,2.3
50670001,1,78,2.9
50670002,2,70,2.9
50680001,1,69,2.6
50680002,2,65,2.3
50690002,2,83,2.7
50700001,1,75,2.6
50700002,2,66,2.7
50720001,2,82,3
50750001,1,57,2.8
50750002,2,55,2.2
50750003,2,30,2.6
50750004,2,26,2.4
50770001,1,43,3.1
50770002,2,40,3.1
50770003,1,17,3.1
50780001,1,51,2.9
50780002,2,47,2.9
50780003,1,21,3.1
50780004,1,19,3.1
50790002,2,64,3.1
50800001,1,57,3.1
50800002,2,54,3.1
50800003,2,24,3.1
50800004,2,20,3.1
50810001,1,59,2.5
50810002,2,42,1.9
50820001,1,61,2.1
50830001,1,67,2
50840001,2,67,2.4
50850001,1,52,2.9
50860001,1,58,2.7
50870001,2,59,2.6
50880001,1,78,2.4
50880002,1,38,2.3
50890001,1,48,2.3
50900001,1,54,2.6
50900002,2,54,2.6
50910001,1,50,2.9
50910002,2,42,2.3
50930001,1,64,2.7
50930002,2,60,2.5
50940001,1,60,2.3
50940002,2,55,2.3
50950001,1,72,2.9
50950002,2,69,3.1
50960001,1,84,2.6
50960002,2,82,2.3
50970003,1,44,3.1
50970005,2,42,3.2
50980001,2,69,2.3
50990001,1,50,3.1
50990002,2,47,3.1
50990003,2,16,3.1
51010001,1,50,2.5
51020001,1,52,2.6
51020002,2,48,2.5
51020003,2,19,2.6
51020004,2,19,2.6
51020005,1,17,2.6
51030001,2,56,2.4
51030002,2,30,2.6
51030003,1,28,2.5
51040001,1,51,2.6
51040002,2,49,2.5
51040003,1,20,2.3
51040004,2,18,2.5
51050001,1,50,2.9
51070001,1,48,3.1
51070002,2,47,2.6
51070003,2,18,2.9
51070004,2,15,2.4
51110002,2,50,2.4
51120002,2,45,3.2
51140001,1,41,3.1
51160002,2,42,3.2
51170001,2,56,2.6
51170002,1,30,3.4
51170003,1,61,3.1
51170004,2,28,3
51180002,2,37,3.2
51190001,2,52,2.3
51190002,1,55,3.1
51190003,1,22,3.1
51190004,2,24,3.3
51200001,1,59,3.4
51200002,2,52,3.2
51200003,1,29,2.9
51200004,1,24,3.4
51230001,1,63,2.5
51230002,2,59,3.3
51230003,2,35,3.2
51230004,1,33,3.2
51230005,2,100,3
51260001,1,73,3.1
51260002,2,71,3
51310001,1,68,2.4
51320001,1,72,2.4
51330002,1,45,3.4
51340001,2,62,2.4
51350001,1,64,3.1
51360003,2,30,2.6
51370002,2,70,2.8
51380002,2,43,2.9
51400001,2,72,2
51410001,1,49,3.2
51420002,2,69,2.2
51430002,2,76,2.9
51440001,2,80,2.9
51450002,2,70,2.6
51460002,2,36,2.9
51480002,2,40,3.3
51490001,1,71,3
51500001,1,79,2.4
51520002,2,62,3.6
51530001,1,67,2.8
51560002,2,72,2.8
51570002,2,69,2.8
51580002,2,84,2.7
51590002,2,65,2.9
51600002,2,73,2.8
51630001,1,63,2.7
51630002,1,27,2.6
51640001,1,50,2.5
51640002,2,45,2.8
51640003,1,23,2.5
51640004,1,19,2.5
51660001,1,76,2.4
51660002,2,72,2.4
51670001,2,71,2.6
51690001,2,57,2.4
51700001,1,62,2.5
51700002,2,60,2.8
51700003,1,35,2.3
51700004,1,30,2.3
51700005,2,84,2.7
51730001,1,52,2.5
51730002,2,52,2.5
51750001,1,62,3.1
51750002,2,61,2.8
51770001,1,79,2.6
51790001,1,59,2.8
51790002,2,57,2.4
51800001,1,64,3.1
51800002,2,60,3
51810001,1,61,2.5
51810002,2,59,2.2
51830002,2,72,2.9
51850001,1,45,2.8
51850002,2,44,2.9
51880001,2,48,3.1
51910001,1,55,3
51910002,2,51,2.9
51920001,1,70,3.3
51920002,2,67,3.2
51930001,1,48,2.4
51930002,2,18,3
51940001,1,50,2.9
51940002,2,50,2.4
51940003,2,28,2.5
51940004,2,23,2.5
51950001,1,53,2.5
51950002,2,47,3.1
51960001,1,46,3.2
51960002,2,46,3.2
51970001,1,62,3.1
51970002,2,57,2.9
51970003,1,33,3.2
51980001,1,59,3.3
51980002,2,53,3.1
51980003,1,28,3.1
51990001,1,43,3.2
51990002,1,40,2.8
52000001,1,55,2.4
52000002,2,53,2.4
52000003,1,22,3
52010001,1,69,2.7
52010002,2,65,2.6
52030002,2,70,2.2
52040001,1,63,2.7
52040002,2,58,2.6
52070001,1,43,3
52070002,2,36,3
52070003,1,16,3
52110001,2,89,2.5
52130001,2,80,2.3
52140001,2,76,2.7
52160002,2,76,2.9
52170001,2,79,2.7
52180001,1,54,2.6
52190002,2,52,3.1
52200002,2,73,2.6
52210001,2,82,2.4
52220002,2,53,2.7
52230001,1,46,1.9
52230002,2,47,2.3
52230003,1,23,2.5
52230004,2,16,2
52240001,1,80,2.8
52240002,2,77,2.8
52240003,1,53,2.7
52240004,2,53,2.8
52240005,2,26,2.7
52240006,1,21,2.7
52250001,1,77,2.8
52250002,2,73,2.3
52260002,2,73,2.5
52270001,1,69,2.3
52270002,2,65,2.2
52280001,1,64,2.5
52280002,2,60,2
52280003,2,93,2.4
52290001,1,76,2.7
52290002,2,69,2.8
52300001,1,55,2.8
52300002,2,49,2.8
52300003,1,25,2.8
52300004,1,23,2.8
52310001,1,47,2.6
52310002,2,61,2.4
52320001,2,77,2.6
52330001,1,82,3.3
52330002,2,80,2.6
52350001,1,65,2.4
52360001,1,69,2.3
52360002,2,64,2.4
52370001,1,63,2.7
52370002,2,62,2.5
52400001,1,61,2.9
52400002,2,60,3.2
52400003,1,20,2.4
52410001,2,87,2.6
52420001,2,90,2.2
52430001,1,82,2.5
52430002,2,76,2.3
52440003,2,53,2.5
52450001,1,81,2.6
52450002,2,74,2.4
52460001,1,87,2.7
52460002,2,84,2.6
52470001,1,81,2.3
52470002,2,78,2.5
52480001,1,87,2.2
52480002,2,82,2.4
52490001,1,60,2.9
52490002,1,91,2.5
52490003,2,89,2.5
52490004,2,57,2.7
52490005,1,30,2.6
52490006,1,31,2.7
52500001,1,65,2.6
52500002,2,63,2.3
52500005,2,33,2.9
52510001,1,61,2.6
52510002,2,48,2.4
52510003,2,88,2.6
52510005,2,21,2.7
52520001,1,74,2.8
52520002,2,65,2.6
52520003,2,94,2.9
52530001,2,85,2.5
52540001,2,87,2.3
52550001,1,64,2.6
52560001,1,76,2.9
52560002,2,73,2.6
52570001,2,83,2.9
52580001,1,85,2.7
52580002,2,80,2.5
52590001,1,80,2.5
52590002,2,80,2.6
52600001,1,68,2.8
52600002,2,65,2.7
52610001,2,67,2.6
52620001,1,76,2.4
52620002,2,75,2.7
52630001,1,41,2.7
52630002,2,42,3
52630004,2,13,2.2
52640001,2,78,2.6
52640002,2,22,2.6
52660001,1,66,2.8
52660002,2,64,2.8
52680001,1,70,3.2
52680002,2,64,2.8
52690001,1,58,2.3
52690002,2,60,3
52690003,1,34,3.2
52690004,1,32,2.8
52700001,1,61,3
52700002,2,55,2.5
52700004,2,29,2.5
52710002,2,40,3.1
52740002,2,77,2.7
52750002,2,80,2.5
52760001,1,50,3.1
52770001,2,86,2.3
52780002,2,45,3.2
52790002,2,54,2.6
52800002,2,52,3.4
52810001,1,99,2.6
52810002,2,95,2.5
52830001,2,37,3.1
52840002,1,49,3.1
52840003,2,47,2.9
52840004,1,18,2.9
52880001,2,81,3.1
52900001,1,43,3.1
52900002,2,44,2.5
52910002,2,40,2.9
52930001,1,49,3.2
52930002,2,45,2.3
52930004,2,14,2.9
52950001,1,44,3.2
52950002,2,41,3.2
52970001,1,78,2.7
52970002,2,72,2.3
52980002,2,39,3
52990001,1,41,1.9
52990002,2,41,3.5
52990003,2,15,2.9
53000002,2,48,2.6
53030001,2,53,2.9
53050001,1,56,3.2
53050002,2,50,2.8
53060001,1,74,3
53060002,2,71,2.4
53150001,1,45,2.2
53150002,2,40,2.6
53160001,1,47,2.3
53160002,2,45,2.4
53190002,2,68,3.1
53200001,1,58,2.5
53200002,2,56,2.6
53220001,1,69,2.4
53220002,2,64,2.7
53230001,1,81,2.5
53260001,1,47,2.5
53260002,2,43,2.5
53280001,1,44,3
53280002,2,41,3.1
53390001,2,73,2.6
53410001,1,76,2.6
53410002,2,67,2.2
53410003,1,50,2.8
53420001,1,81,2.5
53420002,2,75,2.5
53430001,1,83,3
53430002,2,79,2.6
53440001,1,66,2.6
53440002,2,62,2.7
53450001,2,59,2.7
53460003,2,64,2.3
53470002,1,61,2.4
53480001,1,66,3.1
53480002,2,60,3.1
53490001,1,48,3.1
53490002,2,43,2.7
53490003,2,17,2.7
53490004,2,15,2.8
53500001,1,51,2.5
53500002,1,86,2.9
53500003,2,80,2.9
53500004,2,45,2.4
53500005,1,20,3.1
53500006,2,19,3.2
53510001,2,63,2.8
53520001,1,62,2.7
53520002,2,60,2.6
53530001,1,70,3.2
53530002,2,68,2.6
53540001,1,50,2.7
53540002,2,45,2.4
53540003,2,20,3.6
53540004,2,18,3.5
53540005,2,14,2.5
53550001,1,83,2.6
53550002,2,82,2.5
53580001,1,78,2.8
53580002,2,78,2.7
53610001,1,62,3.5
53610002,2,52,3.4
53620001,1,71,2.9
53620002,2,66,3
53620003,1,46,2.3
53630002,2,72,2.8
53650001,1,42,3
53650002,2,36,2.9
53660004,2,34,3.6
53660006,1,37,2.9
53670001,1,78,2.5
53670002,2,68,2.6
53680001,1,39,3.6
53680002,2,37,2.9
53720001,1,66,2.5
53720003,2,68,2.9
53760001,2,73,2.2
53780001,1,75,2.4
53790001,1,43,3.6
53790002,2,41,2.9
53790003,2,15,2.6
53790004,2,14,3.1
53810001,1,65,2.9
53810002,2,58,2.8
53810003,1,33,2.7
53830001,1,63,2.7
53830002,2,59,2.8
53830102,2,37,3.6
53860001,1,50,3.9
53860002,2,49,3.3
53860003,1,18,3.4
53860004,1,17,3.4
53870001,1,60,2.9
53870002,2,44,2.9
53870003,2,15,2.8
53890001,1,68,2.5
53890002,2,65,3.2
53900001,2,62,2.8
53910002,2,69,3
53940001,2,70,3.3
53950001,1,42,2.9
53950002,2,41,2.9
53970001,1,60,2.4
53970002,2,57,2.7
53980001,1,59,2.9
53980002,2,58,2.7
53990001,2,84,2.6
54000001,1,83,2
54000002,2,83,2.7
54010001,1,63,2.4
54010002,2,59,2.7
54020001,2,48,2.4
54020002,1,51,2.4
54020003,1,24,2.4
54020004,2,21,2.4
54020005,2,72,2.4
54030001,1,43,3.1
54030002,2,40,3.1
54030003,1,13,3.1
54050001,1,49,3.6
54050002,2,45,3.6
54050003,1,22,3.2
54050004,1,18,3.5
54060001,1,48,3
54060002,2,45,2.9
54060003,2,20,2.9
54060004,1,17,2.3
54090001,2,93,2.5
54100002,2,77,2.9
54130001,1,68,2.5
54130002,2,67,2.6
54140001,1,81,2.3
54140002,2,82,2.4
54160002,2,66,2.5
54180001,2,85,2.6
54180002,1,67,2.5
54190001,1,80,2.6
54190002,2,79,2.4
54200002,2,62,2.2
54210002,2,76,2.6
54210004,1,37,2.6
54220001,1,68,2.7
54220002,2,69,2.5
54230001,1,44,3
54230002,2,43,2.8
54230003,2,15,3
54250001,2,47,2.6
54250002,2,22,2.4
54250003,1,19,2.5
54250004,1,55,2.8
54260001,2,46,2.4
54260003,1,21,2.4
54260004,2,17,2.4
54260005,1,51,2.4
54320002,2,77,3.3
54330001,1,79,2.4
54330002,2,70,2.4
54330004,2,21,2.4
54330006,1,20,2.4
54350002,2,73,3.2
54380001,2,83,2.8
54390001,2,81,2.4
54420001,2,75,2.3
54460001,2,78,2.9
54470001,1,78,2.7
54470002,2,68,2.9
54500001,2,87,1.9
54510001,1,87,2.8
54510002,2,84,2.6
54520001,1,84,3.1
54520002,2,76,2.6
54530001,2,92,2.3
54530002,2,57,2.3
54540002,2,77,2.6
54550001,2,83,2.7
54550002,1,54,2.5
54560001,1,76,2.4
54560002,2,74,2.8
54570001,1,62,2.9
54570002,2,59,2.8
54570003,2,86,2.8
54580002,2,64,2.9
54590001,1,55,2.4
54590002,2,50,2.4
54610001,1,73,2.4
54610002,2,68,2.3
54610003,1,40,3.1
54620001,1,47,2.8
54620002,2,47,2
54620003,1,21,2.4
54620004,2,19,2.9
54630001,2,73,2.9
54650001,2,84,3.1
54660001,2,81,2.5
54670001,1,69,3.2
54670002,2,63,3.3
54690001,1,68,3.4
54690002,2,63,3
54700002,2,76,3
54710001,1,49,3
54710002,2,76,2
54720002,2,70,2.2
54730001,1,79,2.7
54740001,2,76,2.9
54770001,1,48,3
54770002,2,45,3.7
54780001,1,64,3.5
54780002,2,60,3.2
54790001,1,89,2.4
54790002,2,82,2.4
54810002,1,59,2.3
54810003,2,58,2.8
54810004,2,26,2.7
54810005,1,22,2.5
54820002,2,68,2.5
54830001,1,77,2.6
54830002,2,75,2.7
54840001,2,53,2.7
54840002,2,20,3.6
54850001,1,70,2.7
54850002,2,68,2.9
54860001,1,74,3
54860002,2,79,3
54860003,1,53,2.9
54860004,1,14,2.6
54870001,1,70,1.8
54870002,2,67,2.8
54880001,1,59,3.2
54880002,2,57,3.2
54880003,2,24,3.1
54890001,2,74,2.8
54890002,1,47,2.8
54890003,2,19,2.4
54900001,1,69,2.5
54900002,2,69,3.1
54910001,1,98,2.3
54920001,2,80,2.3
54940001,1,80,3.2
54940002,2,74,2.6
54960001,1,58,2.5
54960002,2,56,3
54960003,1,25,2.8
54960004,2,29,2.7
54970001,1,78,2.2
54970002,2,75,2.6
54980002,2,76,2.8
55000001,1,50,2.9
55000002,2,49,1.5
55000003,2,21,3.3
55020001,1,80,2.8
55020002,2,78,2.6
55040001,2,53,2.7
55060001,1,84,2.5
55060002,2,85,2.7
55070001,2,62,2.3
55090001,1,72,2.6
55090002,2,67,2.6
55100001,1,56,3.8
55100002,2,50,2.4
55100003,1,24,3.3
55100004,2,23,2.9
55130001,1,57,2.6
55130002,2,52,3.2
55140001,1,42,3.7
55140002,2,47,3.6
55160001,1,78,2.6
55160002,2,71,2.4
55180002,2,54,3.6
55180003,2,21,3
55180004,2,17,3.5
55200001,2,91,2.5
55220001,2,78,2.4
55230002,2,77,2.7
55240001,1,65,2.8
55240002,2,59,2.6
55260001,1,74,3.4
55260002,2,71,3.3
55270004,2,27,3.1
55300001,1,61,2.8
55300002,2,62,2.7
55300003,1,36,2.3
55340001,1,39,2.5
55340002,1,68,2.8
55340003,2,64,3.4
55350001,2,81,2.3
55380001,2,101,2.5
55390001,1,60,2.3
55400001,1,62,2.3
55400002,2,60,2.9
55410001,2,81,2.4
55420001,2,92,1.9
55430002,2,79,2.4
55460002,2,77,2.8
55480001,2,69,3.3
55490001,1,43,3.3
55490002,2,43,2.8
55490003,1,13,3.2
55510001,1,68,2.8
55510002,2,68,3
55520001,2,31,3.2
55520002,1,25,2.2
55520003,1,31,3.4
55530001,1,70,2.7
55530002,2,68,2.4
55540001,1,44,2.4
55540002,2,43,2.2
55560001,2,87,2.4
55570001,1,61,2.4
55570002,2,55,3
55570003,2,24,2.3
55580001,1,65,2.6
55580002,2,63,2.4
55580003,2,39,2.4
55590002,2,65,2.8
55600001,1,75,2.4
55600002,2,70,2.6
55600003,2,95,2.6
55620001,1,55,3.2
55620002,2,54,2.3
55620003,2,31,3.2
55620004,1,27,3.1
55630001,1,77,2.7
55630002,2,77,2.5
55640001,2,55,2.7
55640002,1,30,2.3
55660001,2,84,2.4
55680001,1,64,2.2
55680002,2,59,2.3
55680003,1,29,2.4
55710001,1,50,3.4
55710002,2,47,2.6
55710003,1,22,3
55710004,1,19,3.2
55720001,2,60,2.8
55720002,1,62,2.3
55720101,2,34,2.5
55730001,1,56,3
55730002,2,51,2.6
55730003,2,20,2.8
55730004,1,16,3.5
55740001,1,59,3.1
55740002,2,58,2.6
55740003,1,32,2.3
55740004,1,27,2.9
55760001,1,59,2.7
55760002,2,55,3.5
55760003,1,31,3.9
55760004,1,26,3
55770001,2,77,2.2
55780001,2,90,3.1
55820001,1,56,3.6
55820002,2,51,3.6
55820003,1,24,3.2
55820004,1,23,3.5
55820005,1,19,3.3
55860001,1,52,2.7
55860002,2,49,2.8
55870001,1,47,3.5
55870002,2,52,3.4
55870003,1,17,3.2
55870004,1,16,2.9
55890001,1,59,3
55890002,2,55,3.3
55890003,2,23,3.8
55910001,1,58,3
55910002,2,53,3.1
55910003,2,27,2.8
55910004,1,25,3.2
55930001,1,80,2.4
55930002,2,82,2.8
55940001,1,50,3.2
55940002,2,45,3.5
55940003,2,18,2.4
55940004,1,14,3.6
55950001,2,81,2.4
55950002,1,59,3.1
55950003,2,58,3.2
55950004,2,23,2.6
55950005,1,21,2.7
55950006,2,26,2.9
55960002,2,72,2.9
55970002,2,80,2.9
55980001,1,83,2.8
55980002,2,77,2.9
56020001,1,62,2.3
56020002,2,53,2.7
56020003,1,20,2.6
56030001,1,66,2.4
56030002,2,63,3.1
56030004,2,30,3.1
56050001,1,54,2.7
56050002,2,54,2.6
56050003,2,32,3
56050004,2,29,3.1
56050005,1,28,3.5
56060001,1,45,3.7
56060002,2,47,3.3
56060003,2,16,3.4
56060004,1,14,2.6
56070001,1,52,3.5
56070002,2,48,3.3
56070003,1,20,3.4
56070004,2,16,3.1
56080001,1,66,2.7
56080002,2,60,3.3
56100001,2,93,2.4
56140001,1,71,2.4
56140002,2,68,2.6
56170002,2,79,2.7
56180001,1,65,3.3
56180002,2,61,3.6
56190001,1,50,3.1
56190002,2,43,3.9
56190004,1,19,3.8
56210001,1,42,2.4
56210002,2,42,3
56220001,1,44,3.1
56220002,2,40,2.4
56220003,2,14,2.5
56230001,1,42,3.3
56230002,2,43,3.2
56230003,1,14,3.3
56250001,1,48,2.8
56250002,2,47,2.7
56250003,2,20,2.8
56250004,2,15,2.8
56260001,1,55,2.5
56260002,2,48,3.3
56260004,2,19,3.8
56280001,1,86,3.5
56280002,2,80,3.4
56290001,2,86,3.1
56300001,1,73,3.2
56300002,2,75,3.3
56310001,1,87,3.5
56310002,2,82,3.5
56320001,1,46,2.5
56320002,2,44,3.2
56320003,2,14,2.9
56340001,1,46,2.7
56340002,2,41,2.7
56350001,1,77,3.2
56350002,2,76,3.1
56370002,2,65,3.2
56370003,2,39,1.7
56390001,1,79,3.1
56390002,2,74,3.1
56390003,1,45,2.8
56390004,2,33,3.1
56400002,2,72,3.1
56410001,1,50,2.8
56410002,2,46,3.2
56410003,2,21,3.4
56420001,1,83,3.2
56420002,2,77,2.7
56430001,1,44,2.4
56430002,2,43,2.4
56430003,1,42,2.4
56440001,1,86,2.1
56440002,2,84,2.4
56440003,1,50,2.1
56460002,2,24,3.6
56460003,2,20,3.7
56470002,2,75,3.2
56490001,1,58,3.2
56490002,2,59,3.2
56490003,2,19,3.2
56500001,1,62,3.1
56500002,2,59,3.3
56510001,1,45,2.5
56510002,2,46,2.9
56510003,2,16,3.2
56540001,1,67,3
56540002,2,61,3.1
56550001,1,47,3.1
56550002,2,48,3.2
56550003,1,19,2.9
56550004,2,17,3.6
56570001,1,47,3.2
56570002,2,49,3.2
56570003,1,17,2.3
56570004,1,15,3.4
56590001,1,46,3.1
56590002,2,48,2.9
56600001,1,56,2.9
56600002,2,50,2.7
56600003,1,26,2.9
56600004,2,25,2.9
56610001,1,58,2.7
56610002,2,57,2.6
56610004,2,83,2.6
56640001,1,59,2.8
56640002,2,55,2.4
56640003,2,27,2.6
56640004,2,26,3.1
56650002,2,80,2.5
56660001,2,67,2.5
56660002,1,40,2.6
56670001,1,73,1.8
56670002,2,72,2.6
56680001,1,80,2.9
56680002,2,74,2.4
56680003,2,48,2.4
56690002,2,87,2.4
56700002,2,42,3
56700003,2,19,2.5
56700004,1,15,2.6
56700005,1,13,3
56750001,1,48,3.3
56750002,2,50,2.2
56770001,1,86,2.4
56770002,2,82,2.1
56780001,2,79,2.2
56790001,1,84,2.3
56800001,1,64,2.6
56800002,2,60,2.9
56800003,1,30,3.4
56800004,2,22,3.6
56820001,1,56,2.3
56820002,2,40,2.7
56850001,2,65,2.8
56850002,1,38,2.8
56870001,1,78,2.7
56870002,2,79,2.4
56920001,2,74,2.6
56980001,1,50,2.9
56980002,2,51,2.4
56980003,1,25,2.8
56980004,1,24,2.8
57010001,1,43,2.4
57010002,2,40,2.5
57030001,1,72,2.8
57030002,2,69,2.3
57050001,1,58,2.9
57050002,2,51,2.8
57050003,2,29,2.9
57050004,2,27,2.8
57050005,2,24,2.8
57050006,2,21,2.8
57090001,1,52,2.8
57090002,2,52,2.2
57110001,1,57,3.2
57110002,2,56,3.1
57110003,1,32,3
57110004,2,30,3.2
57120001,1,56,2.6
57120002,2,56,2.8
57120003,2,33,2.6
57120004,1,28,3.2
57130001,1,37,2.7
57130002,2,34,2.9
57150001,1,47,2.7
57150002,2,39,3.1
57160001,1,51,3.1
57160002,2,40,2.8
57160003,2,14,3.2
57170001,1,39,3
57180001,1,43,2.9
57180002,2,40,3
57190001,1,51,2.8
57190002,2,46,2.5
57200001,1,35,2.8
57200002,2,35,2.8
57210001,1,70,2.6
57210002,2,71,3.2
57220001,1,69,3.2
57220002,2,66,2.9
57220003,1,36,2.9
57220004,2,35,2.9
57230001,1,78,3.1
57230002,2,74,3
57240001,1,69,3.2
57240002,2,67,3.1
57250001,1,79,2.6
57250002,2,68,3
57250003,1,38,3.1
57250004,2,37,3
57260001,1,69,2.9
57260002,2,65,3
57260003,1,40,2.9
57260004,2,36,3
57270001,1,49,3
57270002,2,42,3.1
57270003,1,15,3.2
57270004,2,13,3.1
57280001,1,42,3.2
57280002,2,41,3.3
57280003,1,14,3.4
57290001,1,80,2.5
57290002,2,74,2.7
57310001,1,72,3.3
57310002,2,70,3.5
57320001,1,50,3.5
57320002,2,41,2.5
57320003,1,15,3.5
57330001,1,77,3.4
57330002,2,70,3.4
57340001,1,62,3.2
57340002,2,56,3.6
57340003,2,27,3.5
57350001,1,58,3.3
57350002,2,57,2.2
57350003,1,26,3.4
57370001,1,68,3.4
57370002,2,67,3.1
57380001,1,67,3.1
57380002,2,63,3.4
57390001,1,71,3.3
57390002,2,56,3.3
57400001,1,66,3.4
57400002,2,61,3.4
57410001,1,43,3.2
57410002,2,45,3.3
57420001,1,61,3.1
57420002,2,56,3.3
57420004,1,29,3.4
57430001,1,71,3.4
57430002,2,68,3.3
57430003,1,39,3.4
57460001,1,44,3.5
57460002,2,42,2.7
57460003,2,15,3.5
57470001,1,61,3.3
57470002,2,56,3
57470004,2,24,2.5
57480001,1,62,3.1
57480002,2,59,2.5
57480003,1,31,2.5
57500001,1,48,3
57500002,2,44,3.2
57500003,2,14,2.4
57510001,2,36,3.5
57520001,1,57,3.2
57520002,2,54,2.1
57530001,1,54,3.4
57530002,2,53,3.3
57550001,1,49,3.1
57550002,2,44,3
57550003,2,19,3.1
57550004,1,14,3.6
57560001,1,54,3.4
57560002,2,52,3.3
57580001,1,65,3.1
57580002,2,57,3.4
57590001,1,82,2.9
57590002,2,82,3.1
57600001,1,70,3
57600002,2,63,3
57620001,1,54,3.2
57630001,1,39,3.3
57630002,2,36,3.5
57650001,1,43,3.4
57650002,2,43,2.9
57660001,1,43,3.5
57660002,2,35,3.2
57660004,1,13,2.8
57670001,1,43,3.4
57680001,1,70,3
57680002,2,64,2.8
57700001,1,64,3.2
57700002,2,58,3.3
57730001,1,62,3.3
57730002,2,59,3.1
57730003,2,24,3.2
57730004,1,21,2.9
57750001,1,66,2.9
57750002,2,64,3
57760001,1,50,3.1
57760002,2,46,3.1
57780001,2,71,2.4
57800001,1,74,2.9
57800002,2,73,2.8
57820001,2,74,2.1
57820002,1,47,2.6
57840001,1,74,2.8
57860001,1,85,2.6
57860002,2,82,2.9
57870001,1,78,2.4
57870002,2,74,2.5
57890001,1,62,2.7
57890002,2,62,2.7
57900001,1,83,2.5
57900002,2,77,2.7
57910001,1,55,2.9
57910002,2,52,2.9
57930002,2,70,2.8
57930003,2,63,2.7
57960001,1,65,2.6
57960002,2,65,2.6
57960003,1,39,3.5
57960004,2,85,2.7
57970001,1,78,2.6
57970002,2,71,2.7
57980001,1,78,2.5
57980002,2,74,2.6
57990001,1,45,3
57990002,2,42,2.9
58000001,1,55,3.2
58000002,2,55,2.8
58000003,1,29,3
58000004,2,27,2.8
58010002,2,55,2.8
58010003,1,29,3
58020001,1,49,2.8
58020002,2,45,2.6
58030001,1,73,2.7
58030002,2,68,2.9
58040001,2,43,2.9
58040002,1,51,3.3
58040003,1,13,2.7
58050001,1,70,3.1
58050002,2,61,2.7
58050003,2,38,3
58070001,1,43,3
58070002,1,45,2.5
58070003,2,72,2.8
58080001,1,41,2.8
58080002,2,37,2.7
58090001,1,52,2.8
58090002,2,45,2.6
58090003,2,22,3
58090004,2,20,2.7
58100001,1,55,2.8
58100002,2,51,2.8
58100003,1,28,2.8
58110001,1,60,3
58110002,2,59,2.9
58110003,2,32,2.6
58120001,1,64,3.2
58120002,2,61,3.1
58120003,1,36,3
58130001,1,48,3.2
58130002,2,48,2.9
58130003,1,21,3.3
58130004,1,18,2.6
58140001,1,65,3.3
58140002,2,58,3.3
58140003,1,36,3.4
58140005,1,28,3.2
58150001,1,62,3.2
58150002,2,58,3.3
58160001,1,64,3.3
58160002,2,62,3.1
58160005,1,35,2.9
58170001,1,44,3.1
58170002,2,40,3
58170003,1,14,3.1
58170004,1,13,2.8
58180001,2,70,2.4
58190001,2,51,2.9
58210001,1,40,3.1
58210002,2,41,3.6
58210003,1,13,3.3
58220001,1,55,3.3
58220002,2,55,3.3
58220004,2,27,3.5
58230001,1,44,3.2
58230002,2,40,3.1
58240001,1,50,3.2
58240002,2,49,3.1
58250001,1,46,3.1
58250002,2,51,3.2
58260001,1,52,3.2
58260002,2,50,3
58280001,1,54,3.3
58290001,1,45,3.4
58290002,2,32,3.2
58300001,1,54,3.2
58310001,1,82,3.1
58310002,2,82,3.3
58330001,1,51,3.1
58330002,2,45,3.4
58330003,1,23,3.3
58330004,2,21,3.3
58340001,1,55,2.6
58340002,2,51,3.6
58340004,2,22,3.6
58350001,1,53,3.2
58350002,2,48,3.4
58350006,1,21,3.3
58350007,1,14,3.4
58360001,1,61,3.4
58360002,2,61,3.6
58360003,2,33,3.4
58360005,1,28,3.5
58370001,1,66,3.5
58370002,2,63,2.3
58380001,1,71,2.5
58400001,2,69,3.5
58410001,1,66,3.2
58410002,2,65,2.9
58420001,1,69,3
58420002,2,66,3
58430002,2,63,2.5
58450002,2,79,2.7
58460001,1,60,2.7
58460002,2,52,3.2
58470001,1,71,3
58470002,2,64,3.1
58480001,1,39,3.1
58480002,2,33,3.1
58490001,1,76,2.8
58490002,2,72,2.8
58500001,1,84,2.7
58500002,2,82,2.7
58530001,2,73,2.7
58560001,2,72,2.8
58580002,2,76,2.7
58590001,1,78,2.9
58590002,2,72,2.5
58600001,1,73,2.6
58600002,2,67,3.1
58600003,1,47,3.1
58600004,2,46,3
58600005,2,16,2.9
58600006,2,15,3.1
58620001,1,88,2.2
58620002,2,84,2.8
58630002,2,92,2.3
58640001,2,83,2.5
58650001,2,69,2.6
58670001,1,77,2.8
58690001,2,87,2.6
58720001,1,85,2.5
58720002,2,83,2.4
58730003,1,53,2.6
58760001,1,63,2.7
58760002,2,61,2.2
58770001,1,79,3.1
58770002,2,74,2.6
58800001,1,65,3
58800002,2,61,2.5
58810001,1,69,2.7
58810002,2,67,2.9
58820001,1,91,2.6
58820002,2,81,2.8
58830001,1,90,2.5
58830002,2,81,2.7
58840002,1,75,2.9
58850001,1,68,3.4
58850002,2,66,3.5
58860001,2,71,3.5
58870001,2,80,2.5
58880001,2,87,3.2
58890001,1,67,3.3
58890002,1,40,2.4
58900001,1,83,3.5
58900002,2,84,2.4
58910001,1,64,3
58910002,2,59,2.4
58910003,1,32,3.3
58940001,1,76,3.2
58940002,2,70,2.2
58950001,1,77,2.5
58950002,2,73,2.5
58970001,1,67,3.2
58970002,2,63,3.2
58970003,1,35,3.1
58970004,2,94,3.2
58980001,1,80,3.1
58980002,2,78,2.8
59000001,2,98,2.3
59000002,1,61,2.3
59000003,2,56,3
59040001,1,54,3.6
59040002,2,54,3.4
59060001,1,43,3.4
59060002,2,40,3.2
59070001,1,61,3.2
59070002,2,56,2.9
59080001,1,43,2.8
59080002,2,41,3.3
59080003,1,15,3
59090001,1,78,3
59090002,2,77,2.7
59100001,1,54,3.5
59100002,2,50,3
59100004,1,21,3.3
59100005,1,19,3.2
59120001,1,74,2.7
59120002,2,69,2.6
59150001,1,69,3.1
59150002,2,68,2.7
59150003,1,93,2.4
59150005,1,20,2.5
59160001,1,74,2.9
59160002,2,73,2.7
59160003,1,16,2.5
59160004,2,13,2.9
59180001,1,68,2.8
59180003,2,68,2.9
59190001,2,77,2.7
59190002,1,79,2.8
59190003,1,51,2.7
59190004,2,26,2.8
59210001,1,77,2.9
59210002,2,81,2.5
59220001,1,73,2.8
59220002,2,67,2.9
59230001,1,50,3.1
59230002,2,48,3.2
59230003,1,22,3.2
59230004,1,26,3.3
59240001,1,82,2.7
59250001,1,57,3.1
59250002,2,54,2.9
59260001,1,64,2.9
59260002,2,64,3.1
59270001,2,80,2.6
59290001,2,77,2.9
59300001,1,74,2.5
59300002,2,75,2.2
59320001,1,61,2.5
59320002,2,54,2.5
59320101,1,33,2.9
59320102,2,31,2.4
59360001,1,60,2.2
59360002,2,26,2.7
59360003,2,26,2.7
59370001,1,57,2.7
59370002,2,28,2.8
59370003,2,39,2.8
59380001,1,70,2.4
59380002,2,68,2.3
59390001,1,85,2.4
59390002,2,80,2.4
59410001,1,73,3.1
59410002,2,58,2.8
59440001,2,59,3
59440002,1,39,3
59440003,1,64,2.9
59440004,2,39,3.1
59440005,1,16,3
59450001,2,55,3
59450002,2,31,3
59450003,2,30,3
59460001,2,54,3
59460002,2,30,2.9
59460003,1,25,3.1
59480001,2,63,3
59480002,1,39,2.7
59510001,1,58,2.8
59510002,2,58,3
59510003,2,35,2.8
59510004,1,32,2.8
59520001,1,47,3.1
59520002,2,45,3.1
59530001,1,44,2.6
59530002,2,39,2.8
59540001,1,51,3.1
59540002,1,28,3
59550001,1,73,2.6
59550002,2,73,2.7
59570001,1,42,3.1
59570002,2,42,2.9
59570003,2,21,3
59570004,2,13,3
59580001,1,62,2.7
59580002,2,62,2.2
59580004,2,33,3.1
59580101,1,40,3
59580102,2,37,3.3
59590001,1,53,2.9
59590002,2,48,2.8
59590003,2,22,2.9
59590004,2,20,3.1
59600001,1,47,3.1
59600002,2,48,3
59600004,1,15,2.8
59610001,2,40,2.7
59680001,1,44,2.5
59680002,2,42,3
59680003,1,24,2.5
59680004,1,19,3.3
59690001,1,50,3
59690002,2,44,2.7
59690003,2,18,3.1
59690004,1,17,2.6
59720001,1,41,3.4
59720002,2,41,3.4
59720003,2,17,3.4
59720004,1,14,3.5
59730001,1,51,3.4
59730002,2,48,3.2
59750001,1,48,3.6
59750002,2,46,3.4
59750003,1,25,3.5
59750004,1,16,3.5
59760001,1,58,3.4
59760002,2,53,3.4
59760003,2,28,3.4
59770001,1,84,3.5
59770002,2,80,3.3
59780001,1,84,3.4
59780002,2,74,2.5
59790001,2,52,3.5
59790002,1,25,3.5
59790003,2,23,3.3
59800001,1,50,3.2
59800002,2,46,3.4
59800003,1,22,3.3
59800004,1,19,3.4
59810001,1,51,3.3
59810002,2,48,3.4
59830001,1,53,2.3
59830002,2,48,3.5
59830003,1,22,2.8
59840001,1,54,3.4
59840002,2,54,3.3
59850001,1,54,3.4
59850002,2,52,3.5
59850004,2,21,3.5
59860001,1,51,3.4
59860002,2,51,3.5
59870001,1,51,2.5
59870002,2,49,3.6
59870004,1,19,2.5
59880001,1,54,2.2
59880002,2,52,2.9
59880004,1,21,3.3
59890001,1,64,3.4
59890002,2,59,3.4
59910001,1,82,2.4
59910002,2,73,2.3
59920001,1,79,2.5
59920002,2,73,2.6
59930001,1,64,2.3
59930002,2,69,2.4
59960001,1,76,2.4
59960002,2,76,2.5
59970002,2,75,2.2
59980001,1,78,2.3
59980002,2,74,2.3
60010002,2,78,2.9
60020001,2,80,2.6
60030001,2,72,2.7
60060001,1,82,2.4
60060002,2,79,2.8
60070001,1,72,2.9
60070002,2,67,2.7
60070003,1,36,2.9
60080001,1,72,2.7
60080002,2,65,2.9
60080003,2,40,3
60090001,1,58,3.1
60090002,2,44,2.9
60090003,2,22,2.9
60090004,1,19,2.9
60100001,2,57,2.9
60100002,2,27,3.1
60100003,1,26,2.9
60100004,2,21,2.9
60110001,1,65,2.6
60110002,2,60,2.8
60110101,1,36,3
60110102,2,34,3
60110201,1,32,3.3
60110202,2,33,3.1
60120001,1,67,2.7
60120002,2,64,2.6
60120003,1,35,3
60130001,1,71,2.9
60130002,2,65,2.8
60130003,2,39,2.9
60140001,1,64,2.7
60140002,2,64,3
60150001,2,68,2.9
60160001,1,60,2.9
60160002,2,60,2.7
60170002,2,52,3.2
60170003,2,23,3.2
60170004,1,19,2.9
60180001,2,61,2.8
60180002,1,69,2.7
60180003,2,41,2.8
60180004,1,40,3
60190003,1,37,3
60190004,2,35,3.1
60200001,1,60,3.1
60200002,2,57,3.1
60210001,1,55,2.7
60210002,2,86,2.6
60220001,1,76,3.2
60220002,2,67,2.9
60230001,1,78,3
60230002,2,60,2.6
60230003,1,24,2.8
60230004,2,19,2.9
60250002,2,79,3.1
60260001,1,51,3
60260002,2,47,2.9
60260003,1,21,3
60260004,1,14,3
60270001,2,78,3
60270002,1,56,3
60270003,2,50,3.2
60270006,2,27,2.9
60280001,1,65,2.8
60280002,2,65,2.9
60290001,1,76,2.8
60290002,2,76,2.7
60310001,1,71,2.8
60310002,2,62,3
60320001,2,88,2.9
60330001,1,66,2.4
60330002,2,59,2.6
60340001,1,62,2.7
60340002,2,50,2.9
60340003,1,13,2.2
60360001,1,61,3.1
60360002,2,53,3
60370001,1,74,2.8
60370002,2,72,2.8
60380001,1,93,2.4
60380002,2,88,2.8
60390001,1,58,2.6
60390003,2,25,3.1
60390004,2,20,2.5
60410001,1,72,2.9
60410002,2,69,2.3
60410101,1,44,3.4
60410102,2,40,3
60430001,1,77,2.5
60430002,2,71,2.8
60450001,1,78,2.5
60470001,1,64,2.7
60470002,2,59,2.8
60490002,2,73,2.8
60500001,1,75,2.9
60500002,2,69,2.7
60500003,2,37,3.2
60510001,1,50,3.2
60510002,2,50,3.3
60520002,2,74,3
60520003,1,49,2.8
60520005,1,13,3
60530002,2,75,2.7
60540001,2,80,2.5
60550001,2,84,2.7
60600001,1,51,2.8
60600002,2,51,2.5
60610001,1,62,2.4
60610002,2,57,2.4
60630001,1,67,2.4
60630002,2,63,3
60660001,1,67,2.5
60660003,2,61,2.7
60670001,2,73,2.5
60680001,2,85,2.8
60700002,2,66,2.3
60710002,2,68,2.9
60760001,1,65,2.1
60760002,2,68,2.7
60770001,2,67,2.3
60780002,2,80,2.4
60780003,1,59,2.8
60800001,1,80,2.6
60800002,2,77,2.1
60810001,1,72,2.9
60810002,2,68,3.3
60820001,1,64,2.7
60820002,2,61,2.6
60830001,1,62,3.1
60830002,2,58,3.3
60830003,2,86,2.8
60840001,1,69,3
60840002,2,63,2.8
60850001,2,69,3.1
60860001,1,93,2.9
60860002,2,85,3.2
60880001,2,86,3.4
60890001,1,76,2.9
60890002,2,74,3
60900001,2,87,2.9
60920001,2,86,3
60930001,1,60,3.4
60930002,2,59,2.2
60940001,1,56,3
60940002,2,59,3
60950002,2,88,2.8
60960002,2,76,3.1
60970001,1,70,2.9
60970002,2,71,2.7
60980001,1,78,2.8
60980002,2,77,3.3
60990001,1,83,2.9
60990002,2,79,2.8
61010002,2,80,2.7
61020001,1,64,2.8
61020002,2,61,2.8
61030001,1,79,2.7
61030002,2,75,2.7
61050001,1,60,3.1
61050002,2,58,2.9
61050003,1,34,3.1
61060001,1,60,2.5
61060002,2,58,3.1
61070001,1,78,2.7
61070002,2,72,2.6
61070003,1,41,2.9
61090001,1,46,2.5
61090002,2,34,2.6
61100001,1,78,2.9
61100002,2,63,2.5
61110001,1,68,2.8
61110003,2,14,2.5
61110004,2,55,2.4
61140001,2,83,2.3
61150001,2,79,1.8
61170001,2,77,2.3
61180001,2,78,2.4
61190001,1,75,2.3
61190002,2,75,2.4
61210001,1,84,3.1
61210002,2,85,2.7
61230001,1,73,2.8
61230002,2,71,3
61240002,2,79,2.7
61240003,1,48,3.3
61240004,2,45,3.1
61250002,2,83,2.7
61260002,2,85,2.7
61270001,1,74,3
61270002,2,69,3.4
61280001,1,79,3.2
61280002,2,76,3.2
61290001,1,56,2.8
61300001,1,70,2.6
61300002,2,67,2.5
61330001,1,68,3.1
61330002,2,64,3
61340001,1,81,2.7
61340002,2,74,2.3
61350003,1,59,2.8
61350004,2,55,3
61350006,1,29,3.1
61360001,1,82,2.5
61360002,2,73,2.9
61370001,1,53,3.2
61370002,2,50,2.6
61370003,2,22,3.1
61370004,2,20,2.8
61370005,2,16,3
61390002,2,70,2.9
61390003,1,41,3
61400001,1,43,2.9
61400002,2,41,2.8
61400003,1,15,2.2
61410001,1,60,3.4
61410002,2,59,3.1
61420001,1,71,2.9
61420002,2,69,3.1
61430001,1,80,3
61430002,2,77,3.3
61440001,1,69,3.5
61440002,2,64,3.2
61470001,1,70,3
61480002,2,74,2.9
61490002,2,69,3.3
61500001,1,67,3.3
61500002,2,56,3.4
61530002,2,67,3
61540001,1,67,2.7
61540002,2,62,2.6
61550001,2,88,2.6
61560001,1,76,2.7
61560002,2,71,2.2
61570002,2,72,2.4
61580001,1,62,3
61580002,2,58,2.6
61610001,1,72,2.9
61610002,2,70,2.9
61610003,2,90,2.9
61620001,1,70,3.1
61620002,2,71,2.8
61620003,1,43,1.9
61630001,1,71,2.7
61630002,2,75,2.7
61640001,1,82,2.6
61670001,1,80,3.1
61670002,2,78,2.9
61680001,1,75,2.6
61680002,2,65,3
61690001,1,80,3
61690002,2,77,3.3
61710001,1,84,2.7
61710002,2,80,2.7
61710003,2,15,2.9
61720001,1,65,2.8
61720002,2,61,2.7
61730001,2,80,2.5
61740001,2,81,2.7
61750002,2,59,2.6
61750003,1,61,2.8
61760001,2,47,3
61770001,2,59,2.7
61770002,2,28,2.6
61790001,2,87,2.4
61800001,1,70,2.9
61800002,2,66,2.6
61800003,2,90,2.5
61810001,1,75,3.1
61810002,2,73,3.3
61810003,2,33,2.6
61830001,2,45,2.4
61830002,2,21,2.9
61830003,1,20,3.2
61840001,1,71,2.9
61840002,2,66,2.7
61850001,1,62,3.4
61850002,2,59,3
61860001,2,72,3
61870001,1,69,3
61870002,2,66,2.3
61880001,2,68,3.1
61880002,1,46,3
61890001,1,69,3.2
61890002,2,68,3.2
61900001,1,54,2.9
61900002,2,53,3
61910001,1,60,2.9
61910002,2,38,2.9
61920001,1,81,3.1
61920002,2,76,2.8
61930001,1,85,2.2
61930002,2,82,2.7
61950001,1,83,3.1
61950002,2,56,3
62050001,1,48,2.9
62050002,1,18,3
62060001,1,50,3.1
62060002,2,43,3.1
62080001,1,62,3.1
62080002,2,60,2.7
62080003,1,35,2.7
62080004,2,31,2.9
62090001,1,57,3.2
62090002,2,58,2.7
62090003,2,97,2.8
62090004,1,33,2.7
62090005,1,32,2.8
62100001,1,46,3.1
62100002,2,46,3.1
62110001,1,57,2.8
62110002,2,50,3.1
62110003,2,26,2.7
62110004,2,25,2.9
62120001,2,61,3.1
62120002,2,38,3.1
62120003,1,40,2.9
62140001,1,57,3
62140002,2,53,2.7
62140003,2,31,2.8
62140004,2,28,2.9
62140005,2,21,2.8
62150001,1,47,2.9
62150002,2,46,2.5
62150003,2,16,3.1
62150004,2,14,2.9
62170001,2,76,3.1
62190001,1,39,3
62190002,2,39,2.9
62200001,1,68,3.3
62200002,2,64,2.9
62230001,1,57,3.1
62230002,2,57,3.2
62230004,2,30,3.3
62240001,1,55,2.9
62240002,2,52,2.8
62240004,2,24,3.1
62250003,2,75,2.4
62250004,1,87,2.4
62260001,1,46,3.4
62260002,2,29,3.3
62270001,1,54,3.1
62270002,2,29,3.3
62270003,2,26,3.3
62310001,2,33,3.4
62310002,1,34,3.3
62320001,2,55,3.2
62320003,1,31,3.2
62470001,2,72,2.1
62470002,2,26,2.9
62480002,2,68,2.9
62490001,2,70,2.6
62500001,1,64,2.6
62500002,2,61,2.6
62510001,1,68,3.1
62510002,2,67,2.7
62520001,1,80,2.3
62520002,2,74,2.5
62530002,1,69,2.7
62530003,2,69,3.1
62540001,1,75,2.8
62540002,2,73,2.7
62560001,1,55,3.3
62560002,2,47,3.3
62560003,1,18,3.4
62560004,2,73,2.7
62590001,1,53,3.2
62590002,2,50,3.4
62590004,1,21,3.5
62600001,1,51,3.4
62600002,2,46,3.2
62600003,1,16,3.4
62600004,1,16,3.3
62620001,1,60,2.9
62620002,2,51,2.9
62620004,1,24,3.2
62640001,1,50,2.8
62640002,2,49,3.2
62640003,2,17,3.1
62660001,1,68,2.4
62660002,2,68,2.8
62690001,1,65,2.3
62690002,2,64,2.9
62700001,1,76,2.3
62700002,2,67,2.2
62700003,1,39,2.9
62710002,2,81,2.3
62710003,1,48,2.4
62720001,1,74,2.5
62720002,2,67,2.3
62730001,1,63,2.5
62730002,2,63,2.8
62730004,1,36,2.7
62730101,1,37,3.1
62730102,2,30,3
62740001,1,66,2.9
62740002,2,63,2.6
62740003,2,86,2.3
62740004,2,34,2.8
62750001,1,76,2.8
62750002,2,75,2.6
62760001,1,77,3
62760002,2,75,3
62770001,1,32,3.1
62770002,2,38,3
62780002,2,64,3
62790001,2,77,2.7
62790002,1,47,2.9
62790003,1,32,2.8
62790004,1,29,2.8
62800001,1,72,2.8
62800002,2,74,2.8
62800003,1,44,2.7
62810001,2,72,2.8
62810002,2,30,2.8
62840001,2,75,2.9
62840002,2,50,3
62850001,1,39,3
62850002,2,45,2.9
62860001,1,81,2.8
62860002,2,74,3.3
62870001,1,43,3.4
62870002,2,41,3.3
62880001,1,80,3.1
62880002,2,74,3.2
62890001,1,40,3.2
62890002,2,32,3.3
62910003,1,32,3.4
62940001,1,68,3.2
62950001,2,66,3.3
62960002,2,78,2.8
62970001,1,73,3.1
62970002,2,68,3.1
62980001,2,73,3.1
62980002,2,55,2.9
62980003,1,58,3.2
62980004,2,24,3.3
62990001,1,71,2.8
62990002,2,67,3.2
63000001,1,73,3.2
63000002,2,73,3.1
63000003,2,89,2.8
63010001,1,64,3
63010002,2,61,3.1
63010004,1,33,3.3
63030002,2,86,3.1
63040001,1,63,3.3
63040002,2,58,3.2
63060001,1,58,3.5
63060002,2,57,3.6
63070001,1,37,2.9
63070002,2,37,3.5
63090001,1,54,2.6
63090002,2,54,2.6
63090003,1,26,3.3
63100001,1,81,3.1
63100002,2,78,3.1
63120002,2,85,2.7
63150001,1,62,2.9
63150002,2,59,3
63150003,1,31,3.7
63160001,1,76,2.5
63160002,2,68,2.2
63190001,1,67,2.9
63190002,2,61,3
63200001,1,48,2.8
63200002,2,46,2.7
63200003,2,17,2.6
63210001,1,39,2.9
63210002,2,40,3.1
63230001,1,67,2.8
63230002,2,63,2.9
63230003,2,35,3
63230101,1,30,3.2
63230102,2,32,2.8
63250001,1,73,2.8
63250002,2,71,2.6
63280002,2,78,2.8
63290001,1,67,2.4
63290002,2,68,2.6
63300001,1,60,2.4
63300002,2,56,2.7
63300003,2,29,2.4
63320001,1,82,2.4
63320002,2,74,2.8
63330001,1,58,2.4
63330002,2,55,2.9
63340001,1,57,2.5
63340002,2,52,2.4
63340003,2,27,3.1
63340004,1,23,2.6
63350001,1,78,2.7
63350002,2,70,2.5
63360002,2,76,2.9
63370002,2,78,2.5
63380002,2,76,3
63390002,2,61,2.4
63400001,1,90,2.9
63400002,2,86,2.6
63410001,1,67,3.1
63410002,2,67,2.9
63430001,1,40,2.9
63430002,2,61,2.6
63430003,2,36,3.3
63430004,1,15,3.2
63450001,1,59,3.1
63450002,2,57,2.7
63450004,1,30,3
63480001,2,86,2.2
63490002,2,78,2.5
63500001,2,75,2.6
63510001,2,70,2.2
63510002,1,19,2.2
63520001,2,79,2.7
63530003,2,74,2.2
63540001,1,62,2.6
63550002,2,75,2.8
63560001,1,79,2.9
63560002,2,76,2.8
63570001,1,61,2.9
63570002,2,55,2.8
63570003,2,20,3
63580001,1,56,3
63580002,2,81,3.3
63580003,2,56,2.8
63590001,1,59,3.3
63590002,2,56,2.5
63590003,2,81,2.9
63600001,1,76,3.2
63600002,2,66,3.2
63600003,2,92,2.8
63610001,2,72,3
63630001,1,49,3.3
63630002,2,48,3.5
63630003,2,17,3.4
63640001,1,53,2.8
63640002,2,43,3.2
63640003,1,20,3.4
63640004,1,17,3
63650002,2,47,3.4
63660002,2,63,3.1
63710002,2,51,2.8
63710003,2,23,2.7
63720001,1,55,2.7
63720002,2,55,3.1
63720003,2,18,3.6
63720004,1,15,3.6
63740001,1,55,2.5
63740002,2,50,3.3
63740003,1,16,3.6
63740004,2,15,2.8
63740005,1,13,2.7
63780001,1,45,3.2
63780002,2,41,2.8
63790001,1,60,3.1
63790002,2,59,2.9
63790004,1,22,2.9
63820001,1,41,3.4
63820002,2,38,3.2
63840001,1,61,3.3
63850001,1,69,3.1
63850002,2,71,3
63860001,1,56,3.2
63860002,2,51,3.2
63860003,1,23,3.3
63870001,1,71,3.1
63870002,2,67,3.2
63880001,2,62,3
63880002,1,28,3.3
63890001,1,80,3.1
63890002,2,72,3.1
63900001,1,70,3.4
63900002,2,67,3.2
63900003,2,38,3.4
63910001,1,55,3.2
63910002,2,50,3
63910003,2,22,3.1
63910004,2,20,3.2
63920001,1,46,2.9
63920002,2,37,2.1
63930001,1,36,2.8
63930002,2,40,3.1
63940001,1,64,2.8
63940002,2,48,3.1
63940003,2,22,3.1
63940004,2,20,3.1
63950001,1,52,3
63950002,2,50,3.1
63950003,2,20,3
63950004,1,17,3
64010001,2,54,2.9
64010002,1,29,3
64010003,1,27,3.1
64020001,1,62,2.8
64020003,2,30,2.8
64020004,2,28,2.7
64030001,2,83,2.6
64040002,2,64,2.8
64050001,1,44,3
64050002,2,37,2.9
64050005,2,13,2.6
64070001,1,62,2.7
64070002,2,58,2.8
64070003,1,35,3
64080001,1,59,2.7
64080002,2,59,2.6
64080003,2,31,2.7
64080004,2,29,3
64090002,2,54,3
64090003,2,27,2.8
64110001,1,87,2.8
64110002,2,81,2.8
64110003,1,45,2.7
64120001,2,90,2.8
64130001,2,74,3.1
64140001,1,83,2.9
64140002,2,79,2.9
64160001,2,89,2.9
64160002,1,48,2.9
64170001,1,59,2.9
64170002,2,56,2.9
64170003,1,35,2.8
64180001,2,79,2.7
64190001,1,54,2.8
64190002,2,57,2.8
64190003,2,20,3
64190004,2,16,3.1
64210001,1,75,2.8
64210002,2,69,2.6
64210003,1,44,3.1
64220001,1,65,2.9
64220002,2,60,3.2
64230001,2,61,3
64230003,2,38,3
64250001,1,54,2.9
64250002,2,52,3
64250003,1,17,3.1
64260001,1,56,2.5
64260003,1,21,2.5
64270001,2,82,3.1
64280001,2,70,3.1
64280002,1,22,2.9
64300001,2,81,2.8
64300002,1,44,3.3
64310001,1,75,2.5
64310002,2,73,2.8
64320001,1,80,2.8
64320002,2,80,2.7
64330001,1,53,2.8
64330002,2,53,2.7
64330003,1,20,2.3
64330004,2,16,2.8
64340001,1,59,2.3
64340002,2,54,2.5
64340003,2,26,2.9
64350001,1,72,2.8
64350002,2,72,2.8
64350003,2,13,2.7
64360001,1,74,2.8
64360002,2,75,3.1
64370001,1,76,3
64370002,2,72,2.9
64370003,1,42,2.8
64370004,2,44,2.9
64380001,1,53,2.6
64380002,2,46,2.8
64380003,1,21,2.5
64400001,1,56,2.7
64400002,2,49,2.8
64400003,2,26,2.7
64400004,1,21,2.7
64410001,1,49,2.8
64410002,2,41,3.2
64420001,1,49,3.1
64420002,2,46,3.1
64430001,1,53,3
64430002,2,49,3
64440002,2,85,3.2
64450001,1,48,3.1
64450002,2,44,3
64460001,1,39,3
64460002,2,36,3
64480001,1,55,3
64480002,2,48,3.1
64490001,1,51,3.1
64490002,2,48,2.5
64500001,1,45,3.4
64500002,2,45,3.4
64510001,1,40,3.6
64510002,2,39,2.2
64520001,1,44,3
64520002,2,39,2.6
64530001,1,48,3.7
64530002,2,45,3.5
64530003,1,20,3.7
64530004,2,17,3.6
64540001,1,45,3.1
64540002,2,44,3.4
64540003,1,16,3.6
64540004,2,14,3
64550001,1,45,3.1
64550002,2,41,3.1
64550003,2,16,3.1
64550004,2,14,2.5
64570001,1,42,3.3
64570002,2,38,2.8
64580001,1,48,3.5
64580002,2,48,2.7
64580003,2,26,3.3
64580004,1,23,3
64590001,1,54,2.9
64590002,2,50,3.7
64590003,2,24,3.2
64600001,1,54,3.1
64600002,2,52,3.2
64600003,1,22,3.5
64610001,1,53,2.8
64610002,2,52,3.1
64610003,2,28,3.1
64610004,2,26,2.9
64610005,2,23,3
64610006,1,15,2.8
64630001,1,60,3.1
64630002,2,55,2.7
64630003,1,32,3.2
64630004,2,28,3.1
64650001,1,59,2.8
64650002,2,59,3
64660001,1,54,2.9
64660002,2,46,2.5
64660003,1,27,2.9
64660004,2,27,2.6
64660005,2,81,2.2
64670001,1,55,2.7
64670002,2,50,3
64670003,2,25,2.8
64670004,2,21,2.5
64680001,2,54,2.9
64680002,1,30,2.7
64700001,1,52,2.9
64700002,2,50,2.9
64700003,2,24,2.9
64700004,1,21,2.9
64720001,1,47,3.3
64720002,2,41,3.3
64770001,1,41,3.1
64770002,2,38,3.2
64780001,1,39,3
64780002,2,37,3
64790001,1,42,3
64790002,2,41,3
64810001,1,55,3.2
64810002,2,37,2.9
64850001,2,80,2.9
64870001,1,58,3.1
64870002,2,57,3
64870003,1,25,3.1
64940001,1,63,2.7
64950001,2,69,1.7
64950002,2,40,2.6
64960001,1,57,2.7
64960002,1,32,2.6
64970001,2,46,2.6
64970002,1,45,2.7
64980001,1,57,2.7
64990001,1,87,2.6
64990002,2,88,2.5
65010002,2,86,2.9
65030001,1,45,2.8
65030002,2,44,3
65030003,1,16,2.6
65040001,1,75,2.5
65040002,2,66,2.4
65050001,1,62,3
65050002,2,60,2.6
65060001,1,59,2.4
65060002,2,57,2.1
65060004,2,88,2.6
65070003,1,57,3
65070004,2,57,2.3
65080001,1,86,2.3
65080002,2,78,2.3
65090001,2,76,2.4
65090002,2,43,2.6
65090003,1,47,2.5
65090004,1,14,2.4
65100001,1,49,2.4
65100002,2,50,2.5
65100003,1,23,2.4
65100004,1,18,2.3
65130002,2,56,2.5
65130003,1,68,2.6
65140002,2,87,2.2
65160001,1,92,2.6
65190001,2,91,2
65200001,2,62,2.6
65210001,1,74,2.4
65210003,2,67,2.9
65220001,1,73,3
65220002,2,68,2.7
65220003,1,36,3.2
65230002,2,71,2.1
65250003,1,47,2.7
65260001,1,64,3
65260002,2,60,2.7
65260003,1,35,3.4
65270002,2,90,1.9
65280004,2,92,2.4
65290001,1,71,3
65290002,2,71,3
65300001,1,64,2.5
65300002,2,61,3.4
65300003,1,95,1.9
65300004,1,35,3.1
65310001,1,71,2.5
65310002,2,72,3.1
65320001,1,79,2.5
65320002,2,79,2.3
65330001,2,68,2.8
65340001,2,79,2.6
65350001,2,83,3.3
65360001,1,71,2.5
65360002,2,70,2.7
65370002,2,77,2.6
65380001,1,79,1.7
65380002,2,74,1.8
65390001,1,85,2.6
65400001,1,86,2.7
65400002,2,90,2.3
65410001,1,54,3.1
65410002,2,52,2.7
65410003,2,27,3.3
65410004,1,25,3
65420001,1,59,2.8
65420002,2,57,3
65420004,2,78,2.6
65420005,1,32,2.7
65430001,1,68,2.6
65430002,2,66,3
65440001,1,79,2.7
65440002,2,76,2.9
65450001,1,85,2.7
65450002,2,83,2.7
65460001,1,68,2.4
65470001,1,73,3.1
65470002,2,64,2.7
65480001,1,77,2.7
65480002,2,61,3.1
65500002,2,86,2.8
65520001,1,86,2.7
65520002,2,78,2.8
65530002,2,71,2.9
65540001,1,75,2.8
65540002,2,74,3
65540003,1,53,2.7
65550001,1,48,2.8
65550002,2,36,2.7
65550003,1,19,3.1
65550004,2,15,3
65560001,1,46,2.8
65560004,1,76,3
65570001,1,50,2.9
65570002,2,48,2.8
65570003,2,21,3.3
65570004,2,86,3.2
65580001,1,71,2.7
65580002,2,68,2.8
65590001,2,81,2.9
65590002,2,58,3
65590004,1,31,3.1
65590101,1,36,2.9
65590102,2,34,3.2
65600001,1,55,2.9
65600002,2,51,3.1
65600006,2,86,3.1
65600007,2,29,3.1
65610001,1,75,2.2
65610002,2,72,2.5
65620001,2,76,2.6
65630001,1,77,2.5
65630002,2,71,2.2
65630003,1,43,2.2
65640001,1,70,2.5
65640002,2,67,2.6
65650001,1,72,2.2
65650002,2,91,2.4
65660001,2,54,2.2
65670001,1,70,2.3
65670002,2,68,2.5
65680001,1,54,2.8
65680002,1,27,2.6
65680003,1,26,2.4
65680004,1,22,2.2
65690001,1,64,2.5
65690002,2,60,2.6
65690003,2,81,2
65700001,1,72,2.4
65700002,2,66,2.4
65710001,1,51,2.7
65710002,2,85,2.9
65720002,2,63,2.8
65730001,2,83,2.3
65740001,1,76,2.6
65740002,2,78,2.5
65750001,1,79,2.3
65750002,2,72,2.2
65760001,1,70,2.7
65760002,2,70,2.6
65780001,1,72,2.3
65780002,2,63,2.4
65800001,1,80,2.3
65800002,2,81,2.6
65810001,1,59,2.8
65810003,2,27,2.7
65810004,1,24,2.8
65840001,2,40,2.8
65850001,2,49,2.9
65870001,2,79,2.9
65920001,1,82,2.4
65920002,2,78,2.7
65930001,2,91,2.6
65960001,1,63,2.6
65960003,1,40,2.5
65970002,2,83,2.3
65980001,1,50,2.4
65980003,2,23,2.4
65990001,1,59,2.5
65990002,2,47,2.6
66000001,1,62,2.9
66000002,2,59,2.7
66010001,1,58,2.7
66010002,2,54,2.8
66010003,1,31,2.7
66020001,2,67,3.1
66020002,1,37,2.8
66020003,1,34,3.2
66040001,1,79,2.4
66040002,2,82,2.3
66050001,1,49,3
66050002,2,44,3.1
66060001,1,40,3
66060002,2,39,2.8
66060003,2,13,3
66070001,1,61,2.9
66070002,2,58,2.7
66070003,2,35,2.8
66090001,1,42,3.1
66090002,2,42,2.7
66090003,2,14,2.7
66100001,1,85,2.4
66100002,2,78,2.5
66130001,2,50,3
66140001,2,51,2.9
66220002,2,90,3
66230001,2,83,2.7
66230002,1,45,2.9
66230003,2,18,3.1
66240001,1,61,2.4
66240002,2,57,2.9
66260001,1,81,2.9
66260002,2,74,3.2
66270001,1,50,2.9
66270002,2,50,3
66270003,2,80,2.9
66270004,2,22,3.1
66270005,1,20,3
66290001,1,59,2.9
66290003,1,28,2.9
66290004,2,26,2.9
66300001,1,46,2.8
66300002,2,68,2.9
66300003,2,24,3
66310001,1,61,2.6
66310002,2,56,2.8
66310003,2,30,2.9
66310004,2,25,2.8
66320001,1,83,2.3
66320002,2,81,2.7
66340001,1,44,2.7
66340002,2,44,2.3
66340003,1,66,2.1
66340004,2,61,2.3
66340005,2,86,2.4
66350002,2,79,2.9
66370001,1,72,2.2
66370002,2,62,2.9
66370003,1,40,3
66370004,1,38,3
66390001,1,61,2.9
66390002,2,58,3
66390003,2,27,3.4
66390004,2,32,3.2
66400001,1,87,2.7
66410001,1,67,2.2
66410002,2,61,2.3
66420001,1,51,2.4
66420002,2,45,2.2
66420003,1,19,2.5
66420004,2,18,2.6
66420005,2,89,2.6
66440001,1,60,2.3
66440002,2,58,2.4
66440003,1,88,2.6
66440004,2,81,2.4
66450001,2,88,2.4
66470001,1,87,2.7
66470002,2,87,2.5
66480001,1,42,2.3
66480002,2,36,2.4
66480003,2,13,2.3
66490001,1,83,2.6
66490002,2,78,2.6
66500001,2,91,2.2
66510001,1,44,2.8
66510002,2,41,3
66520001,1,78,2.5
66520002,2,77,3.1
66520003,2,38,3
66550001,1,53,3.4
66550002,2,48,2.7
66550003,1,15,3
66550004,2,15,2.7
66560001,1,51,3.1
66560002,2,51,2.8
66560003,1,19,2.4
66560004,1,15,2.6
66570001,2,63,2.6
66580001,1,69,3.2
66580002,2,67,2.7
66590001,1,78,2.8
66590002,2,71,2.3
66600001,1,82,3.3
66600002,2,73,2.8
66610002,2,64,2.3
66630001,1,54,2.6
66630002,2,25,2.6
66630004,1,19,2.4
66640001,2,47,2.5
66640002,2,26,2.2
66660001,2,50,2.6
66660002,1,26,2.6
66660003,2,25,2.5
66680001,2,68,2.5
66720001,2,54,2.6
66720002,2,27,2.7
66720003,1,25,2.9
66720005,1,54,3.1
66850001,2,57,1.9
66860002,2,43,3.1
66870001,1,64,3
66910001,2,68,1.8
66920001,2,51,3.2
66950002,2,72,2
66970002,2,60,3
67010001,1,44,2.4
67010002,2,41,3
67010003,2,14,2.5
67020001,1,58,2.4
67020002,2,54,2.5
67030002,2,58,3.1
67030003,1,28,2.9
67050001,1,54,3.5
67050002,2,54,3.4
67050003,2,13,3.5
67060001,1,51,3.9
67060002,2,46,3.2
67060003,1,19,3.8
67150001,1,72,2.9
67150002,2,68,2
67160002,1,61,1.4
67190001,1,67,3.4
67190002,2,68,2.8
67200002,2,84,2.3
67210001,1,75,2.8
67210002,2,73,2.9
67220002,2,56,2.8
67220003,2,30,2.8
67220004,1,28,2.4
67250002,2,82,2.6
67260001,2,84,2.5
67280002,2,72,2.5
67300001,2,86,2.7
67340002,2,78,2.8
67350001,1,70,2.4
67350002,2,60,3.1
67370001,2,94,2.4
67370002,1,21,2.2
67390001,1,49,2.4
67390003,2,74,2.4
67460001,2,36,3.4
67460002,1,35,3.2
67470001,1,43,3.2
67470002,2,43,3.6
67470003,1,83,3.2
67500002,2,77,2.4
67500003,2,52,2.7
67500004,2,49,2.7
67510001,2,79,1.6
67520002,2,75,2
67530002,2,77,2.9
67540002,2,43,3.1
67550002,2,51,3
67560005,2,47,3.1
67820001,2,77,2.6
67880001,1,80,1.8
67900002,2,77,2.3
67980001,1,66,2.6
67980002,2,62,2.5
68010001,2,74,2.6
68010002,1,42,2.3
68010003,2,37,2.7
68020002,2,61,2.8
68030001,1,66,2.8
68030002,2,65,2.4
68040001,1,76,2.6
68050001,2,86,2.4
68050002,1,61,2.7
68050003,2,61,2.7
68050005,1,26,2.4
68060001,1,62,3
68060002,2,61,1.9
68090001,1,61,3.1
68090002,2,61,2.8
68100002,2,78,2.5
68130001,1,79,2.3
68130002,2,75,2.8
68140002,2,59,3.1
68150001,2,79,2.2
68170002,2,57,3
68200001,1,85,2.2
68250001,1,67,3.6
68250002,2,60,3.6
68250101,1,33,3.6
68260001,1,67,3
68260002,2,67,2.9
68270001,1,52,3
68270002,2,48,2.5
68270003,1,25,3.1
68270004,1,21,2.9
68270005,2,19,3.2
68280002,2,83,2.3
68290001,1,63,3.3
68290002,2,59,3.2
68290003,2,16,3.2
68290004,2,84,3.2
68300001,1,59,2.5
68300002,2,59,2.6
68300003,2,84,2.5
68300005,2,83,2.6
68310001,2,63,3.2
68310002,1,61,3.2
68320002,2,79,3.2
68320004,1,50,3.6
68330002,1,52,3.6
68340001,2,84,3.2
68350001,1,41,3.2
68350002,2,41,3.2
68350003,1,14,3.6
68350004,2,13,3.6
68370001,1,72,3.2
68370002,2,72,3.2
68380002,2,75,3.2
68380003,2,23,3.6
68380005,2,29,3.6
68390001,2,68,3.2
68390002,1,82,3.2
68390004,1,72,3.2
68400002,1,75,3.2
68400003,2,64,3.2
68400004,1,71,3.2
68400101,2,40,2.7
68440001,1,65,2.4
68440002,2,63,3.3
68450001,1,91,2.9
68460001,2,76,3.2
68470001,1,61,3.1
68470002,2,58,3.2
68480001,1,85,2.6
68490001,2,66,3.4
68520001,1,50,2.9
68520002,2,47,2.7
68520003,2,19,3.2
68520004,2,16,3
68530001,1,52,3.2
68530002,2,48,3.1
68530003,2,23,2.7
68530004,1,22,3.1
68540001,1,46,2.8
68540002,2,46,3.2
68540003,1,19,3.4
68540004,2,15,3.2
68550001,1,61,1.8
68560001,1,62,3.1
68560002,2,60,3.1
68600001,1,67,3.1
68600002,2,64,2.7
68610002,2,88,2.2
68620001,2,80,2.5
68620002,1,50,3.6
68620003,2,47,3.8
68620004,1,20,3.6
68620005,2,16,3.5
68640001,1,60,3.5
68640002,2,51,3.3
68640003,2,24,3.8
68640004,1,20,3.9
68650001,1,53,3.3
68650002,2,51,3.2
68650003,2,18,3.3
68650004,1,16,3.2
68660001,1,87,3.3
68660002,2,79,2.4
68670001,1,59,3.3
68670002,2,54,3.2
68670003,2,26,3.7
68700001,2,86,2.4
68710001,1,74,2.5
68710002,2,72,2.8
68720001,2,74,3.2
68720002,1,73,3.2
68720003,2,19,3.2
68740001,1,71,3.2
68740002,2,62,2.8
68740003,2,39,2.8
68760001,1,81,3.2
68760002,2,75,3.2
68780001,2,81,3.2
68780002,2,28,3.1
68790001,1,89,3.2
68790002,2,87,3.2
68800001,1,71,3.2
68800002,2,68,3.2
68800003,1,45,3.2
68800004,1,47,3.2
68800005,2,42,2.8
68800006,2,16,3.2
68800007,1,14,3.2
68830001,1,69,3.5
68830002,2,65,3.1
68840001,2,74,3.1
68850001,2,44,3.5
68850002,2,80,3
68860001,1,59,3.5
68860002,2,53,3.6
68860003,1,25,3.2
68890001,2,75,2.9
68900001,1,65,3.3
68900002,2,63,3.4
68910001,1,47,3.3
68910002,2,40,1.9
68910003,1,16,2.8
68940001,1,63,3.3
68940002,2,63,3.4
69020001,1,62,2
69020002,2,60,2.9
69020003,1,34,2.7
69040001,1,49,3.4
69040002,2,43,2.9
69040003,2,18,3.6
69040004,1,15,3.3
69040005,2,13,3.8
69090001,1,57,2.9
69090002,2,52,2.6
69090003,1,24,2.9
69090004,2,23,2.4
69090005,1,15,2.4
69100002,1,34,3.1
69100003,2,34,3.7
69120001,2,45,3.2
69120003,2,17,3
69120004,2,15,3.3
69140002,2,51,3.1
69140003,2,24,2.6
69140004,2,20,3.1
69170001,2,71,2.9
69200001,2,41,3.1
69200002,1,45,3.1
69200003,2,13,2.7
69230001,2,69,2.8
69230002,1,43,2.8
69240001,1,50,3
69240002,2,43,3.5
69240003,2,19,2.4
69240004,2,17,3.5
69240005,1,16,3.1
69250001,1,59,2.8
69250002,2,56,3.2
69270001,1,70,2.8
69270002,2,65,2.8
69290001,2,26,2.9
69310001,2,81,3
69350001,2,70,2.7
69360003,2,58,2.4
69370001,1,86,1.8
69370002,2,86,2.3
69380002,2,74,3
69410001,1,54,3.5
69410002,2,55,3
69410003,2,18,2.9
69410004,1,28,3
69410005,1,29,3
69460001,1,57,3.3
69460002,2,54,3.1
69460003,2,23,3.4
69470001,1,68,3.1
69470002,2,66,3.1
69470201,2,38,2.4
69470202,1,39,2.4
69560001,2,49,2.7
69560002,1,49,2.4
69560003,1,22,2.4
69560004,2,18,2.9
69590001,2,50,3.3
69590002,1,55,2.6
69590003,1,25,2.8
69600001,1,73,2.9
69600002,2,71,2.2
69610001,1,82,2.6
69610002,2,83,3
69620001,1,65,2.6
69620002,2,65,2.3
69630001,2,81,2.6
69630002,1,80,3.3
69640001,1,84,3.2
69640002,2,83,3.2
69670001,2,49,3.2
69670002,1,54,2.9
69670005,2,83,2.9
69680001,1,78,2.2
69680002,2,76,3.1
69690001,2,40,2.4
69690002,1,42,2.2
69690003,1,14,2.4
69700001,2,57,3
69820002,2,81,2.6
69830002,1,72,2.4
69870001,1,72,1.7
69870002,2,69,2.4
69900001,2,73,2.7
69900002,1,73,2.2
69990001,1,53,3.2
69990002,2,53,3.2
70010002,2,40,3.3
70020001,1,56,3
70030001,1,78,2.5
70030002,2,77,3.2
70030003,1,48,2.1
70050002,2,82,2
70060001,2,84,2.9
70110001,1,60,3.5
70110002,2,59,3.2
70110003,2,30,3.3
70110004,1,26,3.2
70120001,2,49,2.7
70120002,2,25,2.5
70120003,2,23,2.4
70120004,1,19,3
70140001,2,58,2.5
70150001,1,57,2.6
70150002,2,56,2.1
70150003,1,31,2.7
70210001,1,57,3.4
70210002,2,54,3.3
70220001,1,56,3.2
70220002,2,54,3.2
70310002,2,83,2.1
70330001,1,54,3.3
70330002,2,51,3
70330003,2,85,2.7
70330004,2,32,3.1
70420001,1,49,2.8
70420002,2,49,2.6
70430001,1,60,3.1
70430002,2,57,3.2
70430003,1,30,3.4
70430004,2,28,3.2
70430005,2,82,2.9
70510001,1,52,3
70510002,2,48,2.8
70510003,1,21,2.8
70510004,1,18,2.9
70540001,1,54,2.8
70540002,2,50,2.9
70540003,1,25,2.9
70540004,1,24,2.8
70610001,2,57,3.2
70610004,1,57,3.5
70610006,1,27,3.6
70630002,2,61,3.1
71020001,1,52,2.8
71020002,2,50,2.4
71020003,2,23,2.8
71030001,1,52,3.5
71030002,2,45,3.5
71030003,1,19,3.6
71030004,2,17,3.4
71040001,1,55,3.6
71040002,2,52,3.6
71050001,1,69,2.9
71050002,1,40,3.4
71060002,2,49,2.7
71060004,1,22,2.9
71060005,2,19,2.7
71090001,1,51,2.7
71100001,1,42,2.4
71100002,2,40,2.6
71110001,1,44,2.6
71110002,2,43,2.6
71150001,1,43,2.4
71150002,2,39,3.3
71160001,1,42,2.5
71160002,2,39,2.6
71180001,1,50,2.9
71180002,2,47,2.8
71180003,1,24,3.4
71180004,1,21,3.3
71200002,2,47,3.3
71200003,2,24,3.4
71200004,2,17,3.5
71200005,2,15,3.1
71220001,1,45,2.8
71220002,2,43,2.8
71230001,2,78,1.9
71230002,2,30,2.4
71260001,1,82,2.7
71260002,2,78,2.4
71260003,1,53,2.7
71260004,2,51,2.9
71270001,1,58,2.4
71270002,2,51,2.6
71270004,1,27,2.4
71280002,2,83,2.4
71310001,1,50,2.6
71310002,2,48,2.3
71330001,1,63,1.9
71330002,2,58,2.1
71340001,1,49,2.7
71340002,2,48,2.9
71360001,1,41,2.8
71360002,2,39,2.9
71370001,1,55,3
71370002,2,50,2.4
71370003,2,25,1.8
71370004,2,22,2.3
71390001,1,47,3.2
71390002,2,48,2.9
71390003,1,20,3.2
71400001,2,88,2.6
71410001,1,74,2.7
71410002,2,70,2.7
71430001,1,53,2.5
71430002,2,79,2.4
71430003,2,49,2.8
71440001,1,44,2.3
71440002,2,43,2.6
71440003,2,14,2.6
71450002,2,47,2.6
71450003,1,21,2.6
71450004,1,17,2.6
71460002,2,46,2.7
71460003,1,20,2.6
71480001,1,56,3.6
71480002,2,50,3.5
71480003,2,15,3.8
71500001,2,52,3
71500002,1,28,3.1
71500003,1,26,3
71510001,1,55,2.4
71510002,2,54,2.8
71510003,1,28,3
71510004,1,26,3
71540001,2,52,3.6
71540002,1,17,2.9
71540003,2,85,2.9
71540004,2,57,2.7
71540005,2,55,2.5
71550001,1,54,3
71550002,2,53,3.1
71550003,1,23,2.6
71550004,2,21,3.4
71550005,2,85,3.2
71560001,1,45,3.3
71560002,2,46,2.5
71560003,2,19,2.9
71560004,1,17,3.2
71570001,1,46,2.8
71570002,2,46,3
71570003,2,17,3.6
71570004,2,14,2.6
71580001,1,49,3
71580002,2,43,2.8
71580003,2,17,3
71580004,2,13,3
71590001,1,55,3.5
71590002,2,52,3.4
71590003,2,27,3
71590004,1,21,2.6
71600001,1,48,3.5
71600002,2,44,3.2
71600003,1,19,3.4
71600004,1,13,3.4
71630001,2,67,2.9
71640001,1,60,2.7
71640002,2,57,2.7
71640003,2,29,2.4
71640004,2,26,2.8
71660001,1,52,3.3
71660002,2,49,3.1
71660003,1,23,1.8
71660004,1,21,2.4
100020001,1,40,3.1
100020002,2,38,3.1
100030001,2,65,2.8
100050001,1,41,3.1
100050002,2,38,3.3
100060001,1,49,3.1
100060002,2,47,3.2
100060003,2,20,3
100060004,1,18,2.8
100070001,1,64,3.4
100070002,2,59,3.1
100080001,2,61,2.9
100080002,1,34,3.5
100090001,1,33,3.4
100090002,2,30,3.5
100120001,1,60,2.9
100120002,2,57,2.6
100130001,1,40,2.5
100130002,2,38,2.8
100140001,1,56,3.2
100140002,2,55,3.3
100160001,1,58,2.2
100160002,2,60,2.9
100160003,1,29,2.6
100170001,1,50,2.9
100170002,2,48,2.4
100170003,1,16,2.5
100180001,1,62,3.1
100180002,2,56,2.7
100190001,1,48,2.8
100190002,2,45,3.1
100190003,1,15,3.3
100200001,1,40,3.1
100200002,2,38,2.9
100210001,1,63,2.9
100210002,2,61,2.4
100250001,1,42,3
100250002,2,40,3
100260001,1,73,2.7
100260002,2,70,3.2
100270001,2,53,2.6
100270002,2,29,3
100280001,2,52,2.6
100280002,2,78,2.4
100290001,1,54,3
100290002,2,53,2.9
100300001,1,52,2.8
100300002,2,50,2.8
100300003,2,22,2.5
100300004,2,19,2.5
100310001,1,56,2.3
100310002,2,55,2.6
100310003,1,29,2.5
100320001,2,62,2.4
100320002,2,31,2.4
100330001,1,54,2.8
100330002,2,52,2.8
100360001,1,58,2.4
100360002,2,57,2.5
100360003,2,34,2.1
100370001,1,50,3
100370002,2,50,3.2
100370003,1,20,2.2
100380001,1,44,3
100380002,2,44,2.6
100390001,1,60,2.8
100390002,2,60,2.9
100390003,2,30,2.5
100400001,2,59,3.4
100400002,1,57,3.3
100410001,1,60,3
100410002,2,57,3.1
100420001,1,56,2.8
100420002,2,62,2.7
100420003,2,105,2.5
100430001,1,74,2.4
100440002,2,53,2.8
100440003,2,21,2.6
100440004,1,19,2.9
100450001,2,83,2.6
100460001,1,64,2.8
100460002,2,56,3.1
100460003,1,30,2.9
100470001,2,80,2.4
100480001,1,79,2.3
100490001,1,67,2.9
100490002,2,65,2.7
100490003,2,37,2.9
100490004,2,35,3.1
100490005,1,33,2.7
100500001,1,64,2.9
100500002,2,60,2.7
100510001,2,58,3
100510002,1,33,3.3
100520001,1,68,3
100520002,2,66,3
100520003,2,36,3
100530001,1,70,2.6
100530002,2,67,2.9
100530003,1,37,3.2
100540001,1,62,3
100550001,2,71,2.7
100550002,1,39,3.1
100550003,2,36,3.3
100560001,2,66,2.8
100560002,2,38,3.1
100570001,1,56,1.9
100570002,2,53,2.8
100570003,1,29,2.2
100620001,1,52,2.9
100620002,2,49,2.3
100620003,2,23,2.6
100630001,1,34,2.5
100630002,2,31,2.5
100640001,2,38,3.3
100650001,1,41,3.5
100650002,2,41,3.4
100660001,1,55,2.9
100660002,2,53,3.5
100670001,1,54,3.3
100670002,2,52,3.1
100670003,1,24,3.3
100680001,1,51,3.3
100680002,2,50,3.1
100680003,2,28,3.6
100690001,1,37,3.1
100690002,2,36,3.4
100700001,1,37,3.3
100700002,2,37,3.5
100720001,1,81,3.1
100730001,1,53,2.6
100730002,2,52,3.1
100730003,2,18,2.9
100750001,1,49,3.1
100750002,2,47,2.5
100760001,1,41,3.7
100760002,2,39,3.1
100770001,1,31,2.6
100780001,1,66,2.7
100780002,2,66,2.3
100790001,1,63,2.3
100800001,1,53,2.6
100800002,2,52,2.4
100820001,1,65,2.7
100820002,2,65,2.6
100820003,1,35,2.7
100830001,1,62,3.4
100830002,2,58,3.2
100830003,2,34,3.5
100830004,2,31,2.3
100840002,2,51,3
100860001,1,72,2.9
100860002,2,73,2.7
100860003,1,37,2.7
100870001,1,75,3.1
100870002,2,73,3
100880001,1,49,2.9
100880002,2,49,2.9
100880003,2,21,3.1
100880004,2,19,3.2
100890001,1,79,3.2
100890002,2,78,2.7
100890003,1,41,3.1
100890004,2,39,2.7
100900001,1,33,3.1
100900002,2,33,3.2
101110001,1,58,2.9
101110002,2,52,2.5
101110003,2,28,3.3
101120001,1,55,3.1
101120002,2,52,2.8
101120003,1,23,2.6
101130001,1,59,3
101130002,2,59,3
101130003,2,30,3.1
101130004,1,27,3.3
101140001,1,45,3.3
101140002,2,40,3.4
101140003,1,14,2.8
101150001,1,42,3.2
101150002,2,38,3.2
101170001,1,55,3.5
101170002,2,51,3.3
101170004,2,23,3.7
101180001,1,40,3.3
101180002,2,39,2.6
101190001,1,43,3.6
101190002,2,42,2.8
101200001,1,38,3.3
101200002,2,38,3.2
101210001,1,44,3.2
101210002,2,44,3.6
101210003,2,13,3.1
101220001,1,58,2.4
101220002,2,56,3.4
101550001,1,32,2.9
101550002,2,29,3.1
101560001,2,59,2.7
101560002,1,38,3
101570001,1,67,2.9
101570002,2,65,3.2
101570003,2,33,3.1
101580001,1,48,2.7
101580002,2,44,2.6
101590001,2,45,2.7
101590002,1,23,3.1
101590003,2,20,3.1
101590004,2,72,3.3
101600001,2,36,2.6
101610001,1,60,2.8
101610002,2,57,3.2
101610003,1,36,2.8
101610004,1,33,2.8
101630001,1,41,3.1
101640001,2,24,2.5
101650001,2,82,2.7
101660001,2,32,2.6
101670001,1,76,2.8
101670002,2,77,2.6
101670003,1,55,2.2
101670004,2,54,2.2
101690001,1,64,2.4
101700001,1,56,2.6
101700002,2,55,2.7
101700003,2,15,2.1
101700004,1,81,2.5
101710001,1,42,2.6
101710002,2,40,2.2
101720001,1,56,2.3
101720002,2,51,2.7
101720003,2,15,2.7
101720004,1,14,2.4
101730001,1,56,2
101730002,2,53,3
101730003,1,30,2.4
101730004,1,28,2.3
101740001,1,41,2.9
101740002,2,39,3.2
101800001,1,52,2.3
101800002,2,50,2.6
101800003,1,21,2.1
101810001,1,48,2.4
101810002,2,45,2.4
101810003,2,20,2.3
101820001,1,40,3.3
101820002,2,36,2.1
101830001,1,71,2.5
101830002,2,68,2.5
101840001,1,73,2.3
101840003,2,41,3.6
101850001,1,45,3.1
101850002,2,43,2.4
101860002,2,41,2.3
101870001,1,47,2.3
101870002,2,47,2.4
101870003,2,18,2.5
101870004,1,16,2.1
101880001,1,53,2.4
101880002,2,51,2.2
101880003,2,23,2.2
101890001,1,40,2.5
101890002,2,38,2.6
101900001,1,46,2.2
101900002,2,44,2.6
101900003,1,14,2.5
101910001,1,51,2.7
101910002,2,48,2.7
101910003,1,21,2.6
101920001,1,66,2.4
101920002,2,66,2.4
101920003,1,31,2.6
101930001,2,39,2.6
101930002,1,46,2.4
101930003,1,16,2.9
101930004,2,13,2.7
101940001,1,58,2.4
101940002,2,56,2.4
101950001,2,45,2.6
101950002,1,45,2.6
101950003,1,18,2.6
101950004,2,16,2.7
101960001,2,72,2.4
101970001,1,78,2.4
101970002,2,76,2.4
101980001,1,57,2.6
101980002,2,55,2.4
101980003,2,27,2.6
101980004,1,23,2.6
101990001,2,70,2.4
102000001,2,72,2.4
102010001,1,33,3.2
102010002,2,31,2.4
102020001,2,51,3
102020002,1,53,2.4
102020003,1,26,2.5
102020004,2,24,2.4
102030001,2,41,2.9
102030002,1,46,2.4
102040002,2,37,3
102050001,1,65,2.6
102050002,2,62,2.4
102060001,1,68,2.7
102060002,2,62,2.9
102070001,1,54,3.1
102070002,2,45,2.1
102070003,1,25,2.5
102080001,1,50,2.7
102080002,2,49,3.2
102080003,1,15,2.7
102100001,1,53,2.7
102100002,2,52,2.7
102100003,2,20,2.6
102100004,2,18,2.8
102110001,1,34,2.4
102110002,2,33,2.4
102120001,2,36,2.4
102130001,1,35,3
102130002,2,35,3
102140001,1,36,3.1
102140002,2,37,3.1
102150001,1,54,2.7
102150002,2,50,2.6
102150003,2,22,3.1
102150004,1,19,3
102300001,1,42,3.3
102300002,2,39,2.2
102310001,2,79,2.5
102320001,1,65,2.6
102320002,2,61,2.7
102330001,1,62,2.4
102330002,2,57,2.2
102340001,1,53,2.2
102340002,2,54,2
102350001,1,41,3
102360001,1,65,2.6
102360002,2,59,3.1
102370001,1,47,2.7
102370002,2,43,2.8
102380001,1,74,3.1
102380002,2,68,2.8
102390001,1,69,3.2
102390002,2,64,3.2
102420001,2,60,2.8
102420002,1,63,2.3
102430001,1,70,2.7
102440001,1,61,2.5
102450001,1,73,2.3
102450002,2,63,2.8
102460001,2,81,3
102470001,1,38,2.3
102470002,2,68,2.7
102480001,2,27,2.6
102480002,1,58,2.4
102480003,2,24,2.6
102490001,2,53,2.5
102500001,2,53,2.5
102500002,1,58,2.3
102510001,2,54,2.6
102510002,1,54,2.4
102540001,1,38,2.3
102540002,2,38,2.5
102560001,1,33,3.2
102560002,2,32,3.3
102570001,1,40,2.3
102570002,2,39,2.8
102580001,1,69,3.3
102580002,2,65,3.1
102590001,1,37,3
102590002,2,37,3.2
102600001,1,55,3.1
102600003,1,29,2.3
102610001,1,40,2.5
102610002,2,39,2.6
102620001,1,66,2.9
102620002,2,53,3
102630001,1,55,2.5
102630002,2,52,2.4
102640001,1,52,2.6
102640002,2,48,3
102660001,1,58,2.7
102660002,2,52,2.3
102670001,1,61,3
102670002,2,57,2.8
102680001,2,58,2.4
102690001,2,53,2.7
102720001,1,55,2.4
102720002,2,54,2.2
102730001,1,58,3.2
102730002,2,27,2.7
102730003,1,25,3.2
102740001,1,73,3.2
102740002,2,72,2.6
102750001,1,64,2.4
102750002,2,62,2.6
102760001,1,57,2.8
102760002,2,54,2.4
102780001,2,47,2.6
102790001,1,63,2.2
102800001,1,61,2.3
102800002,2,59,2.3
102810001,1,42,2.6
102810002,1,49,2.1
102820001,1,69,2.4
102820002,2,59,2.3
102830001,1,58,2.5
102830002,2,56,2.6
102840001,1,76,2.4
102840002,2,70,2.6
102850001,1,65,2.2
102850002,2,63,2.6
102860001,1,49,2.6
102860002,2,49,2.6
102870001,1,58,2.3
102870002,2,54,2.5
102880001,1,56,2.6
102880002,2,53,2.6
102900001,1,60,2.6
102900002,2,57,2.2
102910001,2,35,2.8
102920001,1,63,2.7
102920002,2,62,2.5
102930001,1,56,2.4
102930002,2,56,2.2
102940001,1,61,2.1
102940002,2,60,2.9
102950001,2,26,2.8
102960001,2,36,2.7
102970001,2,64,2.4
103390001,1,43,3.1
103390002,2,43,3.5
103390003,1,13,3.6
103400001,1,34,3.7
103400002,2,30,1.7
103410001,2,52,3.3
103410002,1,28,2.8
103410003,2,23,2.8
103410004,1,19,2.6
103420001,2,55,2.4
103420002,2,31,3.9
103420003,1,29,3.7
103420004,2,84,2.8
103420005,1,58,2.6
103430001,1,62,1.9
103430002,2,59,2.6
103430003,2,29,2.3
103430004,1,27,2.2
103440001,1,63,3.4
103440002,2,61,2.9
103440003,1,34,3.7
103450001,1,58,2.5
103450002,2,55,2.7
103450003,2,28,2.4
103450004,2,27,2.4
103460001,1,51,3.1
103460002,2,49,2.5
103470001,1,61,3.2
103470002,2,57,3.3
103470003,2,27,3.2
103470004,1,20,3.2
103540001,2,38,2.6
103540002,2,67,2.7
103550001,1,57,3.7
103550002,2,55,3.3
103550003,2,27,3.9
103550004,1,24,3.9
103560001,1,48,2.4
103560002,2,45,2.9
103560003,2,15,2.6
103560004,1,14,2.5
103570001,1,42,3.3
103570002,2,41,3.2
103580001,1,38,3.4
103580002,2,36,3.2
103580005,1,68,3.1
103580006,2,62,2.8
103590001,1,47,2.4
103590002,2,43,2.4
103600001,2,43,1.8
103610001,1,53,2.8
103610002,2,52,2.6
103610003,1,15,2.9
103620001,1,44,3.9
103620002,2,43,3.4
103620003,2,15,2
103620004,1,13,3.3
103630001,1,57,3.6
103630002,2,55,3.1
103630004,1,25,3.5
103660001,2,54,3
103660002,1,27,3
103660003,1,24,2.5
103670001,1,46,2.6
103670002,2,43,2.6
103680001,1,41,2.1
103680002,2,39,2.1
103700001,1,46,2.9
103700002,2,43,3.1
103710001,1,46,2.6
103710002,2,43,2.9
103720001,1,52,3.6
103720002,2,49,3.6
103720003,2,24,3.6
103720004,2,23,3.7
103730001,1,32,2.6
103730002,2,32,2.3
103740001,1,63,2.7
103740002,2,60,2.1
103750001,1,52,2.4
103750002,2,48,2.6
103750003,1,21,3
103750004,2,18,3.4
103760001,1,75,3.1
103760002,2,64,2.6
103840001,1,61,2.9
103840002,2,57,2.6
103840003,2,33,2.8
103840004,2,27,2.7
103840005,1,24,2.8
103850001,1,56,2.8
103850002,2,55,2.6
103850003,2,28,2.7
103850004,1,23,2.7
103860001,2,64,2.6
103870001,1,63,3.4
103870002,2,63,3.3
103880001,1,66,2.1
103880002,2,60,2.1
103890001,2,58,2.6
103890002,2,27,2.8
103900001,1,47,3.2
103910001,1,55,3
103910002,2,53,3.1
103910003,2,21,3
103910004,1,19,3.5
103920001,1,58,3.2
103920002,2,57,2.5
103920003,1,31,2.2
104130001,1,51,3.3
104130002,2,48,3
104130003,2,22,3.2
104130004,1,20,3.2
104140001,1,54,3.8
104140002,2,55,2.9
104140003,2,23,3.6
104140004,2,19,2.7
104150001,1,55,3.2
104150002,2,51,3.1
104150003,1,28,3.3
104150004,1,24,3.6
104160001,2,68,3.2
104170001,1,44,2.5
104170002,2,41,3.6
104180001,1,70,3.1
104180002,2,65,3.4
104180003,1,43,2.5
104190001,2,56,2.5
104210002,2,57,2.6
104220001,1,58,3
104220002,2,57,3.2
104220003,1,30,3.7
104220004,2,29,2.9
104230001,1,50,3.1
104230002,2,50,2.8
104230004,2,18,2.1
104240001,1,60,3.8
104240002,2,60,2.5
104240003,1,26,3.2
104250001,1,56,2.8
104260002,2,47,2.8
104270001,1,62,3.1
104270002,2,61,2.8
104270003,1,32,3.1
104270004,1,28,2.5
104280002,2,55,2.7
104290001,1,51,2.1
104290002,2,49,3
104290003,1,13,3.3
104300001,1,55,2.9
104300002,2,54,3.3
104300003,2,25,2.8
104460001,1,58,2.6
104460002,2,54,2.4
104460003,2,31,3.3
104460004,1,28,2.6
104470001,1,42,2.5
104470002,2,41,2.4
104480001,1,70,2.6
104480002,2,66,2.6
104490001,1,34,3.5
104490002,2,33,3.4
104500001,1,58,3.1
104500002,2,62,3.6
104500003,2,30,3.4
104500004,1,29,3.4
104510001,1,61,3
104510002,2,62,3.2
104510003,1,29,3
104540001,1,72,3.3
104540002,2,60,3.1
104550001,1,58,2.6
104550002,2,57,2.5
104550003,2,31,3
104560001,1,60,2.6
104560002,2,53,2.5
104560003,2,30,2.2
104560004,1,28,1.8
104670001,1,59,2.4
104670002,2,55,3.2
104670003,2,30,3.3
104670004,1,27,3.2
104680001,1,65,2.9
104680002,2,58,2.6
104690001,1,59,2.9
104690002,2,56,3.3
104690003,1,28,3.3
104690004,1,25,3.3
104700001,2,33,2.3
104700002,2,27,2.6
104710001,1,51,3.1
104710002,2,48,3.8
104710003,2,19,2.6
104710004,1,18,2.8
104720001,1,59,3.8
104720002,2,54,3.1
104720003,2,36,3.3
104720004,1,36,2.9
104730001,1,46,3.3
104730002,2,45,3.5
104730003,2,15,3.7
104740001,1,46,2.9
104740002,2,44,3.2
104750001,2,61,3.6
104750002,2,30,3.8
104750003,2,62,2.6
104760001,1,57,3.1
104760002,2,57,3.1
104760003,2,29,2.8
104760004,2,25,3.2
104770001,2,63,2.7
104780001,1,56,2.6
104780002,2,47,3.4
104780003,1,26,3.2
104780004,2,25,3.2
104790001,1,33,2.7
104790002,2,35,2.6
104800001,1,41,2.4
104800002,2,32,2.4
104810001,1,42,3.2
104810002,2,32,3.2
104820001,1,36,2.6
104820002,2,32,2.6
104830001,1,44,2.9
104830002,2,51,3.4
104840001,1,31,2.1
104840002,2,30,2.5
104850001,1,49,2.7
104850002,2,46,3.6
104860001,1,58,3.5
104860002,1,28,3.3
104860003,1,22,2.4
104860004,2,55,3
104870001,2,42,3.3
104870002,1,42,2.9
104880001,1,50,2.4
104880002,2,46,2.8
104880003,2,16,3.3
104890001,1,47,3.2
104890002,2,49,3.5
104890003,1,13,3.7
104900001,1,47,3.2
104900002,2,47,2.9
104910001,2,69,3.8
104910002,1,44,2.8
104910003,2,38,3.5
104920001,1,37,3
104920002,2,37,2.5
104930001,1,45,3.1
104930002,2,41,2.8
104940001,1,42,3.4
104940002,2,44,3.1
104950001,2,36,3.7
104950002,1,41,3.7
104960001,1,39,3.5
104960002,2,38,3.2
104970001,1,38,3.2
104970002,2,37,3.2
104980001,1,47,3.1
104980002,2,45,2.8
104980003,1,16,3.2
104990001,1,50,2.5
104990002,2,47,2.2
104990003,2,16,3
104990004,2,14,2.8
105020001,1,40,2.4
105020002,2,39,2.9
105030001,1,50,3.5
105030002,2,48,3.2
105040001,1,60,1.9
105040002,2,58,2.7
105050001,1,56,2.7
105050002,2,55,2.6
105060001,2,58,2.8
105060002,2,31,1.9
105070001,1,42,3.4
105070002,2,41,3
105080001,2,60,3.5
105080002,2,34,3.6
105080003,1,32,3.6
105090001,2,58,3
105090002,2,31,3.6
105100001,1,40,3.3
105100002,2,39,3.1
105110001,1,61,2.7
105110002,2,60,2.2
105120001,1,54,2.7
105120002,2,52,3
105120003,2,30,2.9
105120004,1,28,3
105130001,1,45,3.5
105130002,2,44,3.3
105140001,1,56,2.4
105140002,2,53,2.5
105140003,2,23,2.4
105150001,1,48,2.8
105150002,2,70,2.3
105150003,2,47,2.5
105160001,2,67,2.5
105160002,2,36,2.5
105170001,2,59,2.9
105170002,1,32,3.1
105170003,2,30,2.4
105180001,2,31,2.5
105180002,2,29,2.6
105190001,1,58,2.7
105190002,2,54,2.8
105190003,1,29,2.5
105190004,2,26,2.9
105200001,2,66,2.1
105210001,1,63,3
105210002,2,59,3.1
105210003,1,29,3.1
105210004,1,27,3.3
105220001,1,61,2.5
105220002,2,55,2.7
105220003,2,29,2.9
105230001,1,65,2.5
105230002,2,59,2.6
105230003,1,31,2.4
105250001,1,50,2.7
105250002,2,47,2.9
105250003,2,18,2.5
105260001,1,56,2.3
105260002,2,53,2.5
105260003,2,25,2.5
105270001,1,50,2.8
105270002,2,47,2.7
105270003,2,19,3
105270004,1,16,2.5
105280001,1,60,3.1
105280002,2,57,2.5
105290001,2,61,3.1
105310001,2,61,2.6
105320001,1,58,2.6
105320002,2,56,2.7
105320003,2,28,3
105330001,2,36,2.7
105330002,1,35,2.7
105340001,1,49,2.7
105340002,2,46,2.7
105340003,1,16,2.8
105340004,2,13,3.1
105390001,2,53,2.9
105390002,1,25,3.1
105390003,2,23,2.9
105430001,2,50,2.5
105440001,1,39,2.9
105440002,2,38,2.8
105450001,1,47,2.2
105450002,2,45,2.2
105450003,1,17,2.6
105450004,2,15,2.8
105460001,2,53,2.9
105470001,1,39,3.1
105470002,2,38,2.9
105480001,1,34,3.1
105480002,2,31,3.1
105490001,1,70,2.8
105490002,2,68,2.9
105500001,1,63,2.7
105500002,2,60,2.4
105510001,1,56,2.9
105510002,2,53,3
105510003,2,25,3.1
105530001,1,37,3.1
105530002,2,34,3
105540001,2,30,2.9
105550001,1,68,2.8
105550002,2,65,3
105560001,1,35,3.1
105560002,2,33,2.3
105570001,1,33,2.2
105580001,1,36,3.2
105580002,2,33,3
105590001,1,44,3
105590002,2,44,3.1
105590003,2,13,2.5
105600001,1,51,3.2
105600002,2,47,3
105600004,2,14,3
105610001,2,63,2.7
105620001,1,41,3
105620002,2,39,3.4
105630001,2,40,3
105630002,1,14,3.1
106150001,1,50,2.3
106150002,2,48,2.5
106150003,2,20,2.1
106160001,1,44,2.6
106160002,2,42,2.6
106160003,2,18,2.3
106160004,1,14,2.7
106170001,1,62,2.6
106170002,2,60,2.5
106180001,1,73,2.3
106180002,2,68,2.4
106190001,2,76,2.5
106200001,1,66,2.4
106200002,2,60,2.6
106210001,2,80,2.4
106220001,2,68,2.4
106220002,2,45,2.3
106230001,1,79,2.2
106230002,2,65,2.5
106240001,1,48,2.3
106240002,2,48,2.6
106240003,1,13,2.8
106250001,1,66,2.4
106250002,2,62,2.4
106250003,1,28,2.3
106260001,1,62,2.5
106260002,2,57,2.8
106270001,1,64,2.2
106270002,2,53,2.2
106270003,2,98,2.5
106280001,1,57,2.9
106280002,2,51,3.2
106280003,2,29,2.7
106290001,2,64,2.9
106290002,2,41,2.8
106300001,1,42,2.9
106300002,2,42,3
106310001,2,69,2.7
106320001,1,42,2.8
106320002,2,38,2.6
106330001,1,46,2.7
106330002,2,44,3.1
106340001,2,44,3
106340002,2,19,3.1
106350001,1,61,3.2
106350002,2,59,3.5
106360001,1,43,3.5
106360002,2,40,3.3
106370001,1,79,3.4
106370002,1,43,3.2
106370003,2,15,3.4
106380001,1,62,3.3
106380002,2,60,2.4
106380003,2,23,3.4
106390001,1,41,2.3
106390002,2,41,3.4
106400001,1,54,3.5
106400002,2,51,3.4
106400003,2,23,3.6
106400004,2,21,3.4
106410001,1,35,3.5
106410002,2,36,2.6
106650001,1,40,2.7
106650002,2,40,2.3
106660001,1,63,2.7
106660002,2,51,2.7
106670001,1,62,2.6
106670002,2,61,2.4
106670003,1,27,2.9
106680001,1,63,2.6
106680002,2,60,3
106690001,1,48,2.5
106690002,2,48,2.4
106690003,1,20,2.7
106700001,1,43,2.7
106700002,2,40,2.8
106710001,1,65,2.9
106710002,2,65,2.9
106720001,1,64,3.1
106720002,2,62,3.1
106730002,2,49,2.7
106730003,2,21,2.8
106730004,1,19,2.5
106740001,1,47,2.9
106740002,2,43,2.6
106740003,1,16,2.8
106740004,2,14,2.7
106760001,1,49,3.1
106760002,2,83,2.9
106770001,2,48,2.3
106770002,2,19,3.2
106780001,1,66,3.2
106780002,2,52,3
106790001,1,70,3.2
106790002,2,67,3.1
106800001,1,63,3
106800002,2,59,3.1
106810001,1,57,2.8
106810002,2,51,3.2
106820001,1,70,3
106830001,2,28,3.2
106850001,1,24,3.3
106860001,1,24,3.7
106870001,1,24,3.6
106880001,1,24,3.7
106890001,1,45,2.9
106890002,2,43,2.8
106900001,2,44,2.3
106910001,1,24,3.4
106920001,2,25,3.1
106930001,1,24,3.7
106940001,2,73,2.7
106950001,2,79,2.6
106960001,2,83,2.1
106960002,1,83,2.7
106980001,2,72,3
106980002,1,75,3.4
106990001,2,87,2.4
106990002,1,59,2.2
107000001,1,76,3
107000002,2,71,3
107010001,1,61,3.7
107010002,2,60,3.1
107020001,1,31,3.5
107030001,1,59,2.7
107030002,2,57,2.8
107030003,2,27,2.8
107030004,2,23,2.6
107040001,1,31,2.8
107040002,2,27,3.1
107050001,1,60,2.8
107050002,2,52,3.1
107050003,1,26,2.8
107050004,1,23,3.1
107060001,1,55,3.1
107060002,2,51,2.8
107060003,1,26,2.8
107060004,1,24,2.8
107070001,1,51,2.8
107070002,2,50,2.8
107070003,1,13,3
107080001,1,78,2.4
107080002,2,75,2.3
107090001,1,69,2.9
107090002,2,62,3
107100001,1,77,3
107100002,2,71,2.3
107110001,1,61,3.1
107110002,2,58,2.6
107110003,1,29,2.9
107120001,1,51,2.9
107120002,2,49,3.1
107540001,1,46,2.4
107540002,2,45,3.3
107550001,1,35,2.7
107550002,2,35,2.9
107560001,1,52,3.2
107560002,2,47,3
107560003,2,24,2
107570001,1,38,1.8
107570002,2,31,3.2
107580001,1,40,2.4
107580002,2,34,1.9
107590001,1,50,3.1
107590002,2,46,3.4
107610001,1,40,3
107610002,2,32,3.4
107620001,1,44,2.2
107620002,2,20,2.5
107620003,2,16,2.5
107630001,2,75,3.1
107660001,1,59,3.3
107670001,1,25,3
107670002,2,53,3.3
107670003,2,23,2.9
107700001,1,51,3.1
107700002,2,48,2.5
107700003,2,19,3.7
107700004,2,17,3.4
107710001,1,48,3.2
107710002,2,43,3.3
107720001,1,56,3.2
107720002,2,56,3.2
107730001,2,43,2.9
107730002,2,19,3.4
107730003,1,16,3.3
107740001,2,76,3.2
107750001,1,78,3.3
107750002,2,76,2.6
107780002,2,62,2.2
107790001,2,66,2.3
107800002,2,68,2.4
107810001,2,72,2.9
107820001,2,55,3.3
107830001,2,54,3.1
107840001,1,32,2.7
107850001,1,56,2.4
107860001,2,55,2.7
107870001,2,59,3.3
107900001,2,55,3.4
107910001,1,66,2.3
107920001,2,52,2.9
107920002,1,56,3
107930001,1,58,3.1
107940002,2,54,3.1
107950001,1,68,2.6
107960003,1,49,3.5
107990002,2,48,2.8
108000001,2,73,2.5
108010001,2,52,2.4
108010002,1,22,3.3
108240001,1,82,2.3
108240002,2,77,2.6
108250001,1,36,2.4
108250002,2,32,2.4
108270001,1,41,2.3
108270002,2,46,2.6
108280001,1,50,2.4
108280002,2,45,2.6
108290001,1,54,2.8
108290002,2,54,2.3
108300001,2,49,2.8
108300002,2,24,2.4
108310001,1,54,2.7
108310002,2,52,2.5
108320001,2,23,3.1
108330001,2,26,3.1
108340001,2,24,3.7
108340002,2,22,3.1
108350001,2,29,3.2
108360001,2,24,3.1
108380001,2,80,2.7
108390001,2,90,2.6
108420001,2,90,2.6
108430001,2,79,2.7
108440002,2,79,2.6
108450001,1,61,2.7
108450002,2,59,2.7
108470001,1,80,2.8
108470002,2,82,2.7
108480001,2,65,2.7
108480002,2,72,2.8
108490001,1,67,2.8
108500001,2,58,2.6
108510001,2,87,2.8
108730001,1,38,2.3
108730002,2,37,2.7
108750001,1,61,2.8
108750002,2,62,3.3
108750003,2,36,2.3
108750004,1,33,2.2
108810001,1,45,2.6
108810002,2,43,2.6
108840001,1,32,2.8
108840002,2,32,3
108850001,1,74,2.8
108850002,2,71,2.9
109020001,1,55,3.1
109020002,2,51,2.8
109020003,2,23,3.2
109030001,1,49,2.9
109030002,2,50,3.1
109030003,2,20,3.1
109030004,1,18,3
109040001,1,55,3.1
109040002,2,51,2.9
109040003,2,23,3
109040004,1,19,3.2
109050001,1,45,3
109050002,2,42,3
109050003,1,15,3
109060001,1,71,2.8
109060002,2,70,2.9
109070001,1,40,3
109070002,2,38,2.9
109080001,1,54,3
109080002,2,50,2.8
109080003,2,25,3
109080004,1,22,3
109090001,1,52,3.7
109090002,2,45,3.5
109090003,1,20,3.3
109090004,2,14,3.7
109100001,1,49,3.6
109100002,2,49,3.7
109100003,1,20,3.8
109110001,2,48,2.6
109110002,1,20,3.9
109110003,2,71,3.1
109120001,1,60,3.8
109120002,2,60,2.8
109120003,1,32,2.6
109120004,2,32,2.8
109130001,2,43,3.3
109130002,1,43,3.1
109130003,2,14,3.3
109140001,2,45,3.2
109140002,1,49,3.6
109140003,1,22,3.6
109140004,1,20,3.9
109150001,2,43,2.7
109150002,1,44,2.8
109150003,1,16,3.5
109170001,2,44,2.7
109170002,1,44,2.5
109170003,2,13,2.4
109180001,2,45,2.6
109180002,1,21,3.4
109180003,2,19,2.1
109190001,2,51,2.6
109190002,2,26,2.4
109190003,1,25,2.9
109190004,1,58,2.3
109200001,1,44,3.2
109200002,2,42,2.8
109210001,2,42,2.6
109220001,1,62,2.3
109220002,2,61,2.7
109220003,1,37,2.1
109230001,1,76,3.2
109230002,2,73,2.6
109240001,1,45,3.3
109240002,2,40,3
109240003,1,18,3.3
109250001,2,49,2.7
109250002,1,22,2.7
109250003,2,14,3.1
109260001,1,46,2.7
109260002,2,46,2.5
109260003,1,15,2.9
109270001,1,54,2.3
109270002,2,53,2.6
109270003,2,23,2.8
109270004,2,75,3
109280001,2,39,2.8
109280002,1,39,3.2
109290001,1,46,2.5
109290002,2,40,2.1
109300001,2,56,2.9
109300003,2,23,2.8
109310001,2,49,3.4
109320001,2,40,3.2
109320002,1,48,3.5
109320003,1,13,3
109330001,1,48,3.1
109330002,2,41,3
109330003,1,16,3.5
109330004,1,14,3.5
109340003,2,24,1.3
109340004,2,22,2.7
109350001,1,42,3.3
109350002,2,40,2.9
109350003,2,13,3.2
109360001,1,53,3.2
109360002,2,53,2.9
109360003,2,24,3.5
109360004,1,21,3.2
109370001,2,55,2.7
109370002,1,24,3.2
109370003,2,22,3.5
109370004,2,78,2.8
109380001,1,60,3.1
109380002,1,25,2.7
109380003,1,23,2.9
109380004,2,60,2.1
109390001,1,58,2.7
109390002,2,56,2.8
109390003,2,31,2.4
109390004,1,26,3
109400001,1,74,3.3
109400002,2,73,2.6
109410001,1,39,3.1
109410002,2,40,2.7
109410003,1,14,3.3
109540001,1,35,2.3
109540002,2,32,2.6
109550001,1,39,3.4
109550002,2,38,3.1
109560001,1,49,2.3
109560002,2,46,2.6
109560003,1,19,2.1
109570001,1,48,2.6
109570002,2,46,2.4
109580001,1,54,3.4
109580002,2,52,3.2
109580003,1,23,3.3
109590001,1,39,2.2
109590002,2,38,2.4
109600001,2,63,2.5
109600002,1,30,2.4
109600003,2,27,2.5
109610001,1,36,2.6
109610002,2,34,3.4
109620001,1,56,3.5
109620002,2,54,3.1
109630001,1,47,2.3
109630002,2,44,2.3
109630003,1,15,3.2
109630004,1,13,2.9
109640001,1,60,2.5
109640002,2,52,2.2
109640003,2,20,2.5
109650001,1,63,2.5
109650002,2,60,2.1
109660001,1,41,2.7
109660002,2,40,2.6
109670001,1,51,2.4
109670002,2,50,2.1
109670003,1,21,2.4
109670004,1,19,2.5
109690001,1,44,2
109690002,2,42,2.2
109690003,1,13,2.3
109700002,2,35,2.1
109710001,1,62,2.1
109710002,2,55,2.3
109710003,2,30,2.4
109720001,1,36,2.5
109720002,2,32,2.5
109730002,2,46,2.6
109780001,1,59,3.4
109780002,2,56,3.4
109780003,1,34,3.4
109780004,2,32,3.5
109790001,1,53,3
109790002,2,51,2.8
109790003,2,27,3.3
109790004,2,25,3.5
109800001,1,50,3.4
109800002,2,48,3.5
109800003,1,21,3.2
109810001,2,60,2.8
109820001,1,59,3.3
109820002,2,55,3.5
109820003,2,31,3.5
109830001,1,58,2.8
109830002,2,55,2.8
109830003,1,28,3.3
109850001,1,48,3.4
109850002,2,46,3.1
109850003,1,20,3.6
109850004,2,18,3.4
109860001,1,32,3.4
109860002,2,30,3.3
109900001,1,34,2.1
109910001,1,36,2.7
109910002,2,36,2.3
109920001,1,53,3
109920002,2,52,2.9
109920003,1,26,3
109930001,1,51,2.5
109930002,2,51,2.8
109930003,1,21,2.7
109940001,1,51,2.9
109940002,2,49,2.7
109940003,2,21,2.8
109950001,1,52,1.8
109950002,2,51,2.2
109960001,1,42,2.8
109960002,2,41,3.2
109970001,1,51,2.1
109970002,2,50,2.3
109970003,2,22,3
110020001,1,60,3.3
110020002,2,58,2.8
110020003,2,28,3.6
110030001,1,43,2.9
110030002,2,43,2.7
110030003,1,16,2.8
110030004,2,14,2.7
110040001,1,44,2.6
110040002,2,43,2.7
110040003,1,14,2.4
110050001,1,51,2.8
110050002,2,46,2.7
110050003,1,18,2.5
110050004,2,15,2.9
110060001,1,69,2.1
110060002,2,66,1.9
110070001,1,48,1.9
110070002,2,46,2.3
110070003,2,17,2.3
110080001,1,66,2.6
110080002,2,61,2.7
110090001,1,64,2
110090002,2,61,2.1
110100001,1,60,2.6
110100002,2,59,2.7
110100003,1,33,2.9
110100004,1,30,2.8
110110001,1,65,2
110110002,2,61,2.4
110120001,1,68,1.8
110120002,2,67,2
110130001,1,77,2.4
110130002,2,74,2.2
110130003,1,46,2
110140001,1,71,2.4
110140002,2,71,2.4
110220001,1,60,3
110220002,2,57,3.4
110230001,1,60,2.5
110230002,2,60,2.9
110240001,1,40,2.4
110240002,2,38,2.6
110250001,1,56,2.7
110250002,2,55,2.9
110260001,1,40,2.6
110260002,2,39,2.8
110330001,1,70,3
110330002,2,65,2.8
110330003,2,37,3.1
110330004,1,33,2.2
110340001,1,57,3
110340002,2,57,3.1
110340003,2,24,3.2
110340004,2,24,2.4
110350001,1,45,2.9
110350002,2,44,3.2
110350003,2,15,2.9
110350004,1,14,2.9
110360001,1,58,2.4
110360002,2,56,2.7
110360003,2,31,2.7
110360004,1,25,2.5
110370001,1,61,2.6
110370002,2,58,2.9
110370003,1,26,2.4
110370004,1,23,3
110380001,1,70,3
110380002,2,68,3
110380003,1,37,2.8
110380004,1,36,3
110390001,1,50,2.8
110390002,2,49,2.8
110390003,1,23,2.6
110390004,1,22,3
110390005,2,80,2.3
110400001,1,60,2.7
110400002,2,54,2.7
110400003,1,27,3
110400004,2,24,3
110410001,1,63,3.2
110410002,2,59,3
110410003,1,33,3.2
110410004,1,30,3
110520001,1,60,2.8
110520002,2,56,3
110530001,1,55,2.9
110530002,2,53,2.3
110530003,1,23,3.2
110540001,1,45,2.9
110540002,2,42,3
110550001,1,67,2.7
110550002,2,68,2.7
110560001,1,68,2.8
110560002,2,66,2.8
110570001,1,52,3
110570002,2,49,2.9
110570003,2,22,3
110580001,2,71,2.7
110590001,1,80,2.7
110590002,2,74,2.7
110600001,2,45,2.9
110600002,1,21,2.9
110610001,1,48,2.6
110610002,2,47,2.4
110620001,1,49,2.9
110620002,2,50,2.8
110620003,2,21,3
110620004,1,18,3
110630001,1,53,2.4
110630002,2,50,2.6
110630003,2,22,2.7
110640001,1,51,2.5
110640002,2,50,2.6
110640003,2,20,2.9
110640004,1,18,2.8
110650001,1,52,2.8
110650002,2,50,2.7
110650003,1,20,3.1
110650004,2,18,3
110660001,1,44,2.9
110660002,2,45,3
110670001,1,55,3
110670002,2,53,2.9
110680001,2,49,2.9
110680002,2,15,3
110690001,1,40,3
110690002,2,38,2.9
110700001,2,70,2.8
110710001,2,71,2.7
110720001,1,49,3
110720002,2,46,3
110720004,2,17,2.9
110730001,1,40,3
110730002,2,39,2.8
110740001,1,34,2.8
110740002,2,32,2.6
110750001,2,52,3.3
110760001,1,48,2.8
110760002,2,47,2.5
110760004,2,17,2.8
110770001,2,33,3.2
110780001,1,60,2.4
110780002,2,58,2.9
110790001,1,48,2.9
110790002,2,46,3
110790004,2,16,2.8
110800001,2,47,3.2
110800002,1,20,2.4
110800003,2,18,3
110820001,2,45,2.8
110820002,1,47,3.8
110830001,1,41,2.9
110830002,2,41,2.8
110850001,2,62,2.8
110910001,1,42,2.4
110910002,2,39,2.6
110920001,1,53,2.8
110920002,2,50,2.6
110920003,1,24,2.3
110920004,1,18,2.3
110930001,2,53,2.1
110940001,1,56,2.4
110940002,2,52,2.4
110940003,2,25,2.3
110950001,1,50,2.8
110950002,2,46,3.1
110950003,2,15,2.9
110960001,1,40,2.8
110960002,2,38,2.8
110970001,1,47,2.9
110970002,2,45,2.9
110970003,2,17,2.8
110970004,2,15,2.4
110980001,1,39,2.9
110980002,2,37,3.1
110990001,1,56,3.1
110990002,2,53,3.1
110990003,2,25,3.4
111020001,2,53,3
111030001,1,76,2.6
111030002,2,76,2.5
111040001,1,50,3.2
111040002,2,46,3.3
111050001,1,71,3.2
111050002,2,67,2.8
111060001,1,67,2.4
111060002,2,64,2.7
111070001,1,54,3
111070002,2,55,2.7
111080001,1,55,2.7
111080002,2,52,2.6
111080003,1,28,2.8
111080004,2,23,2.7
111090001,1,40,3
111090002,2,39,2.8
111100001,1,50,2.7
111100002,2,46,2.7
111100003,2,15,2.8
111110001,1,57,2.6
111110002,2,56,2.5
112000001,1,40,2.8
112000002,2,39,3.2
112010002,2,52,2.8
112010003,2,25,2.4
112010004,2,23,3.1
112020001,1,51,2.8
112020002,2,48,2.9
112020003,1,15,2.9
112030001,2,67,3.2
112030003,2,41,3.1
112030004,2,15,2.6
112040001,1,60,3
112040002,2,55,3.2
112040003,1,21,2.6
112050001,1,46,2.7
112050002,2,44,3.2
112050003,2,14,2.7
112060002,2,54,2.7
112060003,1,24,3.1
112060004,2,80,2.8
112070002,2,50,3.3
112070003,2,20,2.7
112080001,1,73,2.7
112080002,2,70,2.7
112080004,2,20,2.9
112090001,1,71,2.8
112090002,2,68,2.9
112100001,1,63,2.5
112100002,2,61,3.1
112100004,2,31,2.7
112110002,2,43,3
112110003,2,14,2.8
112120001,1,75,2.7
112120002,2,72,2.6
112120004,2,15,2.7
112130001,1,55,3.1
112130002,2,53,2.5
112130003,1,26,2.1
112130004,2,24,3.2
112140001,1,41,3.7
112140002,2,39,3.4
112150001,1,56,3.3
112150002,2,53,2.7
112150003,2,25,2.8
112160001,1,49,3.1
112160002,2,49,2.8
112160003,1,19,3
112160004,1,19,3.1
112170001,1,67,3
112170002,2,63,3
112180001,2,60,2.9
112180003,2,35,2.8
112190001,1,53,3
112190002,2,52,2.7
112190003,1,27,2.6
112200001,1,31,2.9
112200002,2,31,2.6
112210002,2,68,2.6
112210003,2,42,2.7
112210004,2,35,2.7
112220001,1,42,2.9
112220002,2,39,2.7
112230001,1,65,2.8
112230002,2,64,3
112230003,1,31,2.8
112230004,1,30,2.9
112240001,1,72,3.4
112240002,2,68,3.3
112250001,1,31,3
112250002,1,26,2.8
112260002,2,42,3.1
112260003,1,13,2.9
112270001,1,35,3.1
112270002,2,35,3.1
112290002,1,41,3.3
112290003,2,40,3
112290004,2,14,2.6
112320001,1,50,2.8
112320002,2,49,2.6
112340001,1,71,2.6
112340002,2,68,2.9
112400001,2,30,2.4
112410001,1,51,2.4
112410002,2,51,2.4
112420001,2,28,3.3
112430001,1,63,2.4
112430002,2,54,2.7
112430003,1,30,2.5
112440001,1,45,2.4
112450001,1,50,2.4
112450002,2,50,2.9
112450003,1,24,2.4
112450004,2,21,3.2
112460001,1,63,2.9
112460002,2,62,2.4
112460003,1,42,3.2
112460004,2,42,2.9
112470001,1,63,2.4
112470002,2,61,3.1
112470003,1,33,3.2
112480001,1,42,3.2
112480002,2,39,3
112490001,1,71,3
112490002,2,67,3.1
112520002,2,42,3.1
112520003,1,17,3
112530001,1,41,3
112530002,2,40,3.4
112540002,2,44,3.3
112540003,2,16,3.3
112560002,2,48,3.2
112560003,2,17,3.4
112560004,2,16,3.5
112570001,1,60,3.2
112570002,2,59,2.9
112570004,2,24,3.3
112590001,1,59,3.2
112590002,2,55,2.9
112590004,2,23,3.6
112600001,1,64,3
112600002,2,62,3.5
112600003,2,34,3.4
112610001,1,59,3.1
112610002,2,57,3.3
112610003,1,26,3.4
112670001,1,49,3.4
112670002,2,45,3.2
112670003,2,14,3.4
112700001,1,36,2.8
112700002,2,34,3.1
112710001,1,42,3.1
112710002,2,40,3.1
112710003,2,15,3.1
112720001,1,40,2.9
112720002,2,37,3.3
112730001,1,43,3.3
112730002,2,45,3
112730003,1,15,3.2
112770001,1,68,2.5
112770002,2,66,3
112770003,2,33,2.9
112780001,1,41,3.5
112780002,2,37,3.6
112790001,1,46,3.8
112790002,2,41,2.9
112790003,1,15,3.2
112800002,2,43,2.6
112810001,1,46,3.2
112810002,2,41,3.2
112810003,2,13,3.2
112820001,1,37,3.2
112820002,2,35,3.1
112830001,1,42,3.3
112830002,2,41,3
112840001,1,39,2.4
112840002,2,39,2.5
112850001,2,47,3.2
112850002,1,22,3.2
112870001,1,44,3.6
112870002,2,47,3.6
112870003,1,13,3.6
112880001,1,56,3.3
112880002,2,54,3.3
112880003,1,26,3.2
112880004,1,22,3.2
112890001,1,51,2.8
112890002,2,49,2.2
112890003,2,21,2.4
112900001,1,55,2.8
112900002,2,54,2.8
112900003,1,22,3.5
112910001,1,49,3.3
112910002,2,43,3
112920001,1,54,2.7
112940001,2,76,3
112950001,1,45,3.3
112950002,2,45,3.1
112960001,1,46,2.9
112960002,2,47,3
112960003,1,17,3.9
112970001,1,73,3.1
112970002,2,69,2.7
112970003,1,40,2.7
113000001,1,58,2.5
113000002,2,56,2.4
113000003,2,26,2.3
113140001,2,50,2.5
113150001,1,60,2.4
113150002,2,56,2.2
113150003,1,32,2.9
113150004,2,29,3
113160001,1,46,3
113160002,2,44,3.2
113160003,1,17,3.2
113160004,2,14,3.3
113170001,2,68,2.8
113180001,1,61,3
113180002,2,60,3.1
113190001,1,41,3.2
113200001,1,70,2.9
113200002,2,67,2.9
113210001,1,57,3.1
113210002,2,52,2.8
113210003,1,21,3.2
113220001,1,51,2.9
113220002,2,49,2.9
113220003,2,22,3.1
113220004,1,19,3.2
113230001,1,42,3.1
113230002,2,41,3
113240001,2,48,2.4
113240002,2,21,3
113240003,2,19,3.4
113250001,2,70,2.8
113260001,2,62,2.9
113270001,1,72,2.7
113270002,2,69,3
113280001,1,55,3.1
113280002,2,54,2.9
113280003,2,28,3.2
113280004,1,25,3.3
113290001,1,63,2.9
113290002,2,60,3
113290003,2,29,3.4
113340001,1,73,2.8
113340002,2,72,2.9
113350001,1,55,3.1
113350002,2,53,3.1
113350003,2,26,3.2
113350004,1,22,3.1
114060001,1,51,3.5
114060002,2,51,3.1
114070001,2,74,3
114070002,1,16,3.7
114080001,2,52,3
114080002,1,57,3.6
114090001,2,49,3
114100001,1,57,3.5
114110001,2,78,3.2
114120001,2,66,3.1
114130001,1,80,2.4
114140001,1,54,3.5
114150001,1,51,3.3
114150002,2,51,3.5
114150003,2,77,3
114200001,1,47,3.6
114200003,2,38,3.9
114210001,1,39,3.3
114210002,2,37,3.3
114220001,2,39,3
114220002,1,45,2.9
114230001,1,42,3
114230002,2,39,2.8
114240001,2,27,3.5
114240002,1,33,3.2
114250001,2,39,2.8
114260001,2,36,2.9
114260002,1,38,3.2
114270001,2,39,2.2
114270002,1,40,2.9
114280001,1,34,3.1
114280002,2,36,3.1
114290001,1,43,3.4
114290002,2,40,3.4
114290003,2,18,3
114290004,2,15,3.5
114300001,1,44,3
114300002,2,41,2.6
114300003,2,14,3
114310002,2,42,2.7
114310003,2,75,2.6
114310004,1,44,2.8
114400001,1,47,2.5
114400002,2,47,3
114400003,2,16,3.6
114400004,1,13,2.5
114410001,1,48,3
114410002,2,46,3
114410003,1,20,3.1
114410004,1,16,3.3
114420001,1,49,2.8
114420002,2,48,2.6
114420003,1,22,3
114430001,1,49,3.2
114430002,2,48,2.4
114430003,1,20,2.9
114430004,2,16,3
114440001,1,50,2.7
114440002,2,47,3.2
114440003,1,18,2.9
114440004,1,18,3.3
114450001,1,50,3.2
114450002,2,22,2.9
114460001,1,49,3.2
114460002,2,48,3.7
114460003,2,18,3.5
114470001,1,70,2.5
114470002,2,70,2.7
114480001,1,50,3
114480002,2,17,3.6
114480003,2,16,3.6
114490001,1,55,3.1
114490002,2,51,2.7
114500001,1,37,2.4
114500002,2,39,3.1
114510001,1,53,3
114510002,2,50,3
114510003,2,23,1.8
114510004,2,22,2.7
114520001,1,44,3.5
114520002,2,38,3.2
114520003,1,18,3.5
114520004,1,13,3.2
114530001,1,51,3.3
114530002,2,48,3.3
114530003,1,25,2.8
114530004,2,23,3.6
114540001,1,55,3.1
114540002,2,52,3.5
114550001,1,47,2.3
114550002,2,44,3
114550003,1,22,2.6
114560001,1,48,3.6
114560002,2,45,3.3
114560003,1,17,2.8
114560004,1,13,3.4
114570001,2,45,2.6
114570002,2,22,2.3
114570003,2,19,3
114570004,2,14,2.3
114580001,1,56,3
114580002,2,50,3.2
114580004,2,29,3.3
114580005,1,28,3.8
114590001,2,72,3.2
114590002,1,70,3.1
114800001,2,50,2.2
114810001,2,81,2.5
114820001,1,41,2.5
114820002,2,39,2.5
114820003,2,42,2.2
114820004,2,65,2.5
114840001,1,80,2.8
114840002,2,79,2.4
114850001,2,62,2.3
114860001,2,77,2.9
114870001,1,67,2.4
114880001,1,84,2.6
114880002,2,79,2.6
114890001,1,52,2.5
114890002,2,77,2.6
114900002,2,61,2.7
114910001,1,64,3.4
114910002,2,57,2.9
114920001,1,80,2.8
114920002,2,78,2.8
114950001,1,71,2.7
114950002,2,72,2.6
114970001,1,64,2.8
114970002,2,60,2.6
114980001,2,65,2.4
114980002,1,43,2.7
114990001,1,84,2.6
114990002,2,83,2.6
115000001,1,67,2.8
115000002,2,65,2.8
115010001,1,80,2.7
115020001,1,75,2.7
115020002,2,74,2.9
115030001,2,56,3.1
115030002,2,31,1.7
115030003,1,26,2.5
115040001,1,84,2.7
115040002,2,83,2.6
115050001,1,78,3
115050002,2,73,2.7
115060001,1,65,2.8
115060002,2,66,2.2
115070001,1,60,2.7
115070002,2,56,2.7
115080001,2,56,2.6
115080003,1,28,2.4
115090001,2,70,2.8
115090003,2,44,2.8
115090004,2,19,2.6
115090005,2,15,2.6
115340001,2,53,2.7
115340002,1,22,2.5
115360001,1,68,2.7
115360002,2,64,2.6
115370001,1,58,2.7
115370002,2,53,2.7
115370003,2,26,2.6
115380001,2,78,2.2
115390001,1,68,2.9
115390002,2,61,2.3
115400001,1,79,2.3
115400002,2,77,2.2
115410001,1,77,2.3
115410002,2,65,2.3
115420001,1,78,2.3
115420002,2,75,2.3
115430001,1,66,2.8
115430002,1,40,2.9
115440001,2,74,2.7
115450001,2,73,3
115460001,1,78,2.6
115460002,2,71,3.2
115470001,1,81,2.7
115470002,2,67,3.1
115480001,1,44,3
115480002,2,74,2.9
115500001,1,78,3.2
115500002,2,72,3.1
115510001,2,81,2.6
115520001,1,65,2.9
115530002,2,82,2.6
115540001,2,79,2.8
115640001,1,81,2.6
115640002,2,78,2.7
115640003,1,50,3
115650001,2,78,2.4
115660001,2,70,2.9
115660002,2,40,3.1
115670001,1,37,3
115670002,2,40,3
115680001,1,61,2.9
115680002,2,60,2.9
115690001,1,63,2.7
115690002,2,61,2.7
115700001,1,64,3.3
115700002,2,63,2.8
115710001,1,40,2.5
115710002,2,40,3.4
115720001,1,43,2.8
115720002,2,37,3.1
115730001,1,43,2.7
115740001,1,66,2.7
115750001,1,63,3
115750002,2,61,3
115760001,2,52,2.9
115770001,1,43,2.3
115770002,2,42,2.9
115780001,2,49,3
115780003,2,19,2.4
115790001,1,39,3
115790002,2,38,2.8
115800001,1,56,2.8
115800002,2,53,3
115810001,1,64,2.7
115810002,2,63,2.9
115820001,1,47,3.3
115820002,2,44,3.2
115830001,1,47,3.2
115830002,2,45,3.1
115840001,1,61,2.8
115840002,2,57,2.5
115850001,1,41,1.8
115850002,1,18,2.4
115850003,1,15,2.3
115860001,2,77,2.1
115870001,1,67,2.9
115870002,2,64,2.8
115880001,2,76,3.1
115890001,1,50,3.1
115890002,2,51,3
115890003,1,20,2.8
115900001,1,77,1.8
115910001,1,52,3
115910002,2,51,3.1
115910003,1,26,3
115910004,1,23,3
115920001,1,63,2.8
115920002,2,66,2
116140001,1,41,2.9
116140002,2,43,3.1
116150001,2,63,3
116160001,1,54,2.7
116160002,2,54,2.9
116160003,1,26,2.9
116170001,1,45,3
116170002,2,42,2.7
116170003,1,14,2.6
116180001,1,84,2.4
116180002,2,79,2.7
116190001,1,39,2.8
116190002,2,37,2.2
116200001,1,80,2.9
116200002,2,73,2.7
116210001,2,75,2.6
116220001,1,59,2.7
116220002,2,54,2.7
116220003,2,24,3.1
116230001,1,65,2.9
116230002,2,63,2.9
116240001,1,40,2.7
116240002,2,39,3
116250001,2,83,2.9
116260001,1,72,3.3
116260002,2,67,3.4
116270001,1,60,3.2
116270002,2,57,2.5
116280001,1,77,3.4
116280002,2,71,3.4
116290001,1,69,3.3
116290002,2,66,3.4
116300001,1,55,2.2
116300002,2,46,3.4
116310001,1,66,3.5
116310002,2,65,3.3
116320001,1,73,3.5
116320002,2,70,3.5
116330001,1,60,3.2
116330002,2,59,2.4
116350001,1,58,3.4
116360001,1,78,2.5
116360002,2,76,3.5
116370001,1,69,3.3
116370002,2,64,2.7
116450001,1,68,3.1
116450002,2,61,2.8
116460001,1,43,3.1
116460002,2,41,2.9
116460003,1,15,2.9
116480001,1,63,2.9
116480002,2,55,3.2
116490001,1,63,3
116490002,2,66,2.9
116490003,2,40,3.1
116500001,1,43,2.9
116500002,2,46,2.8
116500003,2,13,2.6
116510001,1,40,2.9
116510002,2,42,2.9
116520001,1,36,2.7
116520002,2,32,2.8
116530001,1,36,3
116530002,2,36,3.1
116650001,1,58,3.4
116650002,2,52,3.2
116650003,1,20,3.3
116660001,1,90,2.8
116660002,2,89,2.4
116670001,1,60,2.5
116670002,2,54,2.5
116680001,1,66,2.6
116680002,2,61,2.8
116690001,1,44,2
116690002,2,44,2.9
116700001,1,48,3.8
116700002,2,48,3.8
116700003,2,16,3.6
116710001,2,51,3.5
116710002,2,28,2.7
116720001,1,55,2.4
116720002,2,48,3.1
116720004,1,22,2.9
116730001,1,47,3
116730002,2,43,2.6
116730003,1,17,3.7
116730004,2,15,3.6
116740001,1,48,2.6
116740002,2,44,3.3
116970001,1,55,2.5
116970002,2,55,2.7
116980001,1,51,2.8
116980002,2,46,3.5
116990001,1,54,2.5
116990002,2,51,2.5
117000001,1,54,2.8
117000002,2,52,3.9
117000003,2,25,3.3
117010001,1,67,2.6
117010002,2,61,2.4
117020001,1,50,2.8
117020002,2,48,3.9
117030001,1,54,2.8
117040001,1,64,2.8
117040002,2,62,2.6
117060001,1,40,2.4
117060002,2,39,3
117080001,1,74,2.7
117080003,2,38,2.4
117090001,1,52,3.3
117090002,2,53,3.3
117110001,2,82,2.6
117130001,1,59,3
117130002,2,58,2.7
117150002,2,64,2.9
117170002,2,72,2.8
117180002,2,46,3.4
117190001,1,79,3.3
117200003,1,30,3
117210001,1,65,3
117220002,2,45,3.5
117230002,2,53,3.2
117240002,2,32,3.1
117250001,1,29,3.4
117250002,2,28,3.2
117270001,2,75,2.1
117280001,1,72,3.1
117280002,2,71,3
117290001,2,75,1.8
117300001,2,83,2.1
117310002,2,77,2.6
117320001,1,74,3
117320002,2,71,2.7
117330001,2,70,3.2
117340002,2,57,3.1
117340003,2,83,2.4
117350001,1,68,3.1
117350002,2,66,2.7
117360001,2,70,2.9
117370002,2,54,2.9
117450003,2,26,2.7
117460002,2,46,2.7
117470001,1,38,3.3
117470002,2,38,3.6
117480002,2,66,2.8
117490002,2,61,3.5
117500002,2,70,2.8
117510002,2,69,2.8
117520001,1,47,2.9
117520002,2,41,2.9
117550002,2,71,2.9
117560001,1,55,2.7
117560002,2,52,2.6
117570002,2,48,2.7
117580001,2,70,3.2
117590002,2,73,2.8
117600002,2,75,3
117610001,2,76,2.9
117620002,2,50,2.7
117620003,2,26,3
117850001,2,74,2.9
117860001,2,77,2.6
117860002,1,50,2.1
117860003,1,26,2.4
117870001,2,54,3.1
117870002,2,24,3.1
117880001,2,51,3
117880002,1,52,2.9
117900001,2,58,2.9
117900002,1,62,3.2
117910001,2,41,2.6
117920001,1,48,2.9
117930001,2,45,2.9
117930002,1,48,3.1
117930003,2,16,3.2
117930004,1,13,3
117940001,2,38,3.4
117940002,1,37,3.8
117960001,2,61,2.7
117960002,1,66,3.2
117960003,2,36,2.6
117980001,1,70,2
117980002,2,72,2.2
117990001,1,45,2.9
117990002,2,43,2.9
118000001,1,41,3.7
118000002,2,39,3.8
118010001,2,71,3.1
118010002,1,74,2.9
118020001,2,57,3
118020002,1,29,2.8
118020003,2,80,3
118030001,2,53,2.6
118030002,1,55,3
118040001,2,79,2.6
118050001,2,63,2.7
118050002,2,29,2.8
118070001,1,47,2.7
118080001,1,55,2.3
118080002,2,56,2.4
118080003,2,23,2.6
118080004,1,23,3.2
118090001,1,44,3.2
118090002,2,43,2.7
118120001,2,69,2.5
118120003,2,34,2.1
118130001,1,37,2.8
118130002,2,43,2.5
118140001,1,37,2.4
118140002,2,35,2.5
118150001,1,47,3.2
118150002,2,41,2.5
118150003,1,15,2.7
118150004,2,13,2.8
118160001,2,70,2
118170001,1,55,2.4
118170003,2,21,2.7
118180001,2,45,3.2
118180004,2,17,3.3
118190001,2,60,3.1
118200001,2,28,2.4
118200002,1,62,2.9
118200003,2,60,3.7
118210001,1,61,2.7
118210002,2,63,2
118220001,2,46,3
118220004,1,16,3.5
118230001,1,80,2.9
118230002,2,74,2.4
118240001,1,49,3.3
118240002,2,49,3.3
118240003,2,21,2.7
118240004,1,17,2.5
118240005,2,15,2.6
118250001,2,64,2.8
118280001,2,65,2.8
118280002,1,63,2.8
118290001,2,36,3.1
118290002,1,37,3.6
118300001,1,25,2.8
118300002,2,52,2.5
118310001,2,81,2.6
118320001,2,80,2.6
118330001,2,73,2.2
